#      RECTANGULAR GRID:                                                         
#     R    151 POINTS: R=0.60000E+03,0.75000E+03,0.10000E+01                     
#     Z     11 POINTS: Z=0.00000E+00,0.10000E+02,0.10000E+01                     
# TABLE: R         Z          BR          BZ                                     
 0.60000E+03 0.00000E+00 0.00000E+00 0.00000E+00
 0.60100E+03 0.00000E+00 0.00000E+00 0.00000E+00
 0.60200E+03 0.00000E+00 0.00000E+00 0.00000E+00
 0.60300E+03 0.00000E+00 0.00000E+00 0.00000E+00
 0.60400E+03 0.00000E+00 0.00000E+00 0.00000E+00
 0.60500E+03 0.00000E+00 0.00000E+00 0.00000E+00
 0.60600E+03 0.00000E+00 0.00000E+00 0.00000E+00
 0.60700E+03 0.00000E+00 0.00000E+00 0.37494E+03
 0.60800E+03 0.00000E+00 0.24179E-16 0.37602E+03
 0.60900E+03 0.00000E+00 0.00000E+00 0.37768E+03
 0.61000E+03 0.00000E+00 0.00000E+00 0.38026E+03
 0.61100E+03 0.00000E+00 0.00000E+00 0.38362E+03
 0.61200E+03 0.00000E+00 0.89510E-16 0.38769E+03
 0.61300E+03 0.00000E+00 0.00000E+00 0.39246E+03
 0.61400E+03 0.00000E+00 0.00000E+00 0.39825E+03
 0.61500E+03 0.00000E+00 0.00000E+00 0.40488E+03
 0.61600E+03 0.00000E+00 0.16442E-15 0.41225E+03
 0.61700E+03 0.00000E+00 0.00000E+00 0.42039E+03
 0.61800E+03 0.00000E+00 0.00000E+00 0.42975E+03
 0.61900E+03 0.00000E+00 0.14849E-15 0.43997E+03
 0.62000E+03 0.00000E+00 0.00000E+00 0.45107E+03
 0.62100E+03 0.00000E+00 0.00000E+00 0.46304E+03
 0.62200E+03 0.00000E+00 0.00000E+00 0.47645E+03
 0.62300E+03 0.00000E+00 0.22359E-15 0.49084E+03
 0.62400E+03 0.00000E+00 0.00000E+00 0.50626E+03
 0.62500E+03 0.00000E+00 0.00000E+00 0.52278E+03
 0.62600E+03 0.00000E+00 0.15436E-15 0.54097E+03
 0.62700E+03 0.00000E+00 0.00000E+00 0.56033E+03
 0.62800E+03 0.00000E+00 0.00000E+00 0.58090E+03
 0.62900E+03 0.00000E+00 0.00000E+00 0.60291E+03
 0.63000E+03 0.00000E+00 0.22705E-15 0.62684E+03
 0.63100E+03 0.00000E+00 0.00000E+00 0.65223E+03
 0.63200E+03 0.00000E+00 0.00000E+00 0.67912E+03
 0.63300E+03 0.00000E+00 0.00000E+00 0.70784E+03
 0.63400E+03 0.00000E+00 0.32559E-15 0.73886E+03
 0.63500E+03 0.00000E+00 0.00000E+00 0.77166E+03
 0.63600E+03 0.00000E+00 0.96273E-15 0.80631E+03
 0.63700E+03 0.00000E+00 0.13391E-15 0.84339E+03
 0.63800E+03 0.00000E+00 0.00000E+00 0.88315E+03
 0.63900E+03 0.00000E+00 0.00000E+00 0.92510E+03
 0.64000E+03 0.00000E+00 0.12905E-14 0.96935E+03
 0.64100E+03 0.00000E+00 0.21509E-15 0.10167E+04
 0.64200E+03 0.00000E+00 0.00000E+00 0.10674E+04
 0.64300E+03 0.00000E+00 0.11376E-14 0.11208E+04
 0.64400E+03 0.00000E+00 0.00000E+00 0.11769E+04
 0.64500E+03 0.00000E+00 0.00000E+00 0.12372E+04
 0.64600E+03 0.00000E+00 0.00000E+00 0.13012E+04
 0.64700E+03 0.00000E+00 0.15245E-14 0.13685E+04
 0.64800E+03 0.00000E+00 0.00000E+00 0.14394E+04
 0.64900E+03 0.00000E+00 0.00000E+00 0.15155E+04
 0.65000E+03 0.00000E+00 0.12028E-14 0.15959E+04
 0.65100E+03 0.00000E+00 0.00000E+00 0.16804E+04
 0.65200E+03 0.00000E+00 0.00000E+00 0.17693E+04
 0.65300E+03 0.00000E+00 0.00000E+00 0.18649E+04
 0.65400E+03 0.00000E+00 0.16258E-14 0.19655E+04
 0.65500E+03 0.00000E+00 0.00000E+00 0.20711E+04
 0.65600E+03 0.00000E+00 0.00000E+00 0.21819E+04
 0.65700E+03 0.00000E+00 0.00000E+00 0.23013E+04
 0.65800E+03 0.00000E+00 0.21861E-14 0.24267E+04
 0.65900E+03 0.00000E+00 0.00000E+00 0.25582E+04
 0.66000E+03 0.00000E+00 0.00000E+00 0.26966E+04
 0.66100E+03 0.00000E+00 0.14374E-14 0.28452E+04
 0.66200E+03 0.00000E+00 0.00000E+00 0.30012E+04
 0.66300E+03 0.00000E+00 0.00000E+00 0.31651E+04
 0.66400E+03 0.00000E+00 0.00000E+00 0.33382E+04
 0.66500E+03 0.00000E+00 0.20150E-14 0.35239E+04
 0.66600E+03 0.00000E+00 0.00000E+00 0.37191E+04
 0.66700E+03 0.00000E+00 0.62193E-14 0.39246E+04
 0.66800E+03 0.00000E+00 0.68171E-15 0.41429E+04
 0.66900E+03 0.00000E+00 0.00000E+00 0.43771E+04
 0.67000E+03 0.00000E+00 0.00000E+00 0.46242E+04
 0.67100E+03 0.00000E+00 0.83718E-14 0.48849E+04
 0.67200E+03 0.00000E+00 0.11644E-14 0.51634E+04
 0.67300E+03 0.00000E+00 0.00000E+00 0.54624E+04
 0.67400E+03 0.00000E+00 0.00000E+00 0.57783E+04
 0.67500E+03 0.00000E+00 0.11289E-13 0.61117E+04
 0.67600E+03 0.00000E+00 0.18815E-14 0.64692E+04
 0.67700E+03 0.00000E+00 0.00000E+00 0.68506E+04
 0.67800E+03 0.00000E+00 0.99067E-14 0.72520E+04
 0.67900E+03 0.00000E+00 0.00000E+00 0.76736E+04
 0.68000E+03 0.00000E+00 0.00000E+00 0.81227E+04
 0.68100E+03 0.00000E+00 0.00000E+00 0.85943E+04
 0.68200E+03 0.00000E+00 0.12526E-13 0.90837E+04
 0.68300E+03 0.00000E+00 0.00000E+00 0.95895E+04
 0.68400E+03 0.00000E+00 0.00000E+00 0.10114E+05
 0.68500E+03 0.00000E+00 0.88710E-14 0.10647E+05
 0.68600E+03 0.00000E+00 0.00000E+00 0.11180E+05
 0.68700E+03 0.00000E+00 0.00000E+00 0.11710E+05
 0.68800E+03 0.00000E+00 0.00000E+00 0.12215E+05
 0.68900E+03 0.00000E+00 0.80520E-14 0.12688E+05
 0.69000E+03 0.00000E+00 0.00000E+00 0.13120E+05
 0.69100E+03 0.00000E+00 0.00000E+00 0.13505E+05
 0.69200E+03 0.00000E+00 0.00000E+00 0.13805E+05
 0.69300E+03 0.00000E+00 0.40336E-14 0.14048E+05
 0.69400E+03 0.00000E+00 0.00000E+00 0.14236E+05
 0.69500E+03 0.00000E+00 0.00000E+00 0.14369E+05
 0.69600E+03 0.00000E+00 0.82031E-15 0.14444E+05
 0.69700E+03 0.00000E+00 0.00000E+00 0.14492E+05
 0.69800E+03 0.00000E+00 0.00000E+00 0.14519E+05
 0.69900E+03 0.00000E+00 0.00000E+00 0.14529E+05
 0.70000E+03 0.00000E+00 0.23083E-16 0.14530E+05
 0.70100E+03 0.00000E+00 0.00000E+00 0.14528E+05
 0.70200E+03 0.00000E+00 -.24828E-15 0.14524E+05
 0.70300E+03 0.00000E+00 -.27214E-16 0.14520E+05
 0.70400E+03 0.00000E+00 0.00000E+00 0.14517E+05
 0.70500E+03 0.00000E+00 0.00000E+00 0.14515E+05
 0.70600E+03 0.00000E+00 0.00000E+00 0.14513E+05
 0.70700E+03 0.00000E+00 0.11132E-16 0.14512E+05
 0.70800E+03 0.00000E+00 -.42814E-17 0.14511E+05
 0.70900E+03 0.00000E+00 0.00000E+00 0.14511E+05
 0.71000E+03 0.00000E+00 0.00000E+00 0.14511E+05
 0.71100E+03 0.00000E+00 0.38532E-17 0.14511E+05
 0.71200E+03 0.00000E+00 -.27829E-17 0.14512E+05
 0.71300E+03 0.00000E+00 0.10703E-17 0.14512E+05
 0.71400E+03 0.00000E+00 -.17125E-17 0.14512E+05
 0.71500E+03 0.00000E+00 -.68502E-17 0.14513E+05
 0.71600E+03 0.00000E+00 0.00000E+00 0.14514E+05
 0.71700E+03 0.00000E+00 0.68502E-17 0.14514E+05
 0.71800E+03 0.00000E+00 -.77065E-17 0.14515E+05
 0.71900E+03 0.00000E+00 0.85627E-18 0.14515E+05
 0.72000E+03 0.00000E+00 0.00000E+00 0.14515E+05
 0.72100E+03 0.00000E+00 0.68502E-17 0.14515E+05
 0.72200E+03 0.00000E+00 0.68502E-16 0.14512E+05
 0.72300E+03 0.00000E+00 0.11645E-15 0.14505E+05
 0.72400E+03 0.00000E+00 0.80490E-15 0.14491E+05
 0.72500E+03 0.00000E+00 -.65762E-15 0.14467E+05
 0.72600E+03 0.00000E+00 -.98643E-15 0.14422E+05
 0.72700E+03 0.00000E+00 0.54801E-15 0.14351E+05
 0.72800E+03 0.00000E+00 -.43841E-15 0.14244E+05
 0.72900E+03 0.00000E+00 -.56994E-14 0.14091E+05
 0.73000E+03 0.00000E+00 -.43841E-15 0.13884E+05
 0.73100E+03 0.00000E+00 0.24113E-14 0.13619E+05
 0.73200E+03 0.00000E+00 -.10741E-13 0.13295E+05
 0.73300E+03 0.00000E+00 -.43841E-14 0.12917E+05
 0.73400E+03 0.00000E+00 -.14218E-13 0.12493E+05
 0.73500E+03 0.00000E+00 0.00000E+00 0.12037E+05
 0.73600E+03 0.00000E+00 0.00000E+00 0.11561E+05
 0.73700E+03 0.00000E+00 0.00000E+00 0.11077E+05
 0.73800E+03 0.00000E+00 0.00000E+00 0.10592E+05
 0.73900E+03 0.00000E+00 0.00000E+00 0.10113E+05
 0.74000E+03 0.00000E+00 0.00000E+00 0.96405E+04
 0.74100E+03 0.00000E+00 0.00000E+00 0.91756E+04
 0.74200E+03 0.00000E+00 0.00000E+00 0.87159E+04
 0.74300E+03 0.00000E+00 0.00000E+00 0.82574E+04
 0.74400E+03 0.00000E+00 0.00000E+00 0.77949E+04
 0.74500E+03 0.00000E+00 0.00000E+00 0.73225E+04
 0.74600E+03 0.00000E+00 0.00000E+00 0.68337E+04
 0.74700E+03 0.00000E+00 0.00000E+00 0.63237E+04
 0.74800E+03 0.00000E+00 0.00000E+00 0.57893E+04
 0.74900E+03 0.00000E+00 0.00000E+00 0.52311E+04
 0.75000E+03 0.00000E+00 0.00000E+00 0.46576E+04
 0.60000E+03 0.10000E+01 0.00000E+00 0.00000E+00
 0.60100E+03 0.10000E+01 0.00000E+00 0.00000E+00
 0.60200E+03 0.10000E+01 0.00000E+00 0.00000E+00
 0.60300E+03 0.10000E+01 0.00000E+00 0.00000E+00
 0.60400E+03 0.10000E+01 0.00000E+00 0.00000E+00
 0.60500E+03 0.10000E+01 0.00000E+00 0.00000E+00
 0.60600E+03 0.10000E+01 0.00000E+00 0.00000E+00
 0.60700E+03 0.10000E+01 0.45523E+00 0.37458E+03
 0.60800E+03 0.10000E+01 0.13204E+01 0.37540E+03
 0.60900E+03 0.10000E+01 0.21694E+01 0.37723E+03
 0.61000E+03 0.10000E+01 0.28483E+01 0.37977E+03
 0.61100E+03 0.10000E+01 0.35379E+01 0.38297E+03
 0.61200E+03 0.10000E+01 0.45985E+01 0.38704E+03
 0.61300E+03 0.10000E+01 0.53186E+01 0.39201E+03
 0.61400E+03 0.10000E+01 0.60512E+01 0.39770E+03
 0.61500E+03 0.10000E+01 0.68980E+01 0.40416E+03
 0.61600E+03 0.10000E+01 0.79577E+01 0.41158E+03
 0.61700E+03 0.10000E+01 0.87593E+01 0.41993E+03
 0.61800E+03 0.10000E+01 0.95830E+01 0.42909E+03
 0.61900E+03 0.10000E+01 0.10620E+02 0.43916E+03
 0.62000E+03 0.10000E+01 0.11748E+02 0.45034E+03
 0.62100E+03 0.10000E+01 0.12684E+02 0.46254E+03
 0.62200E+03 0.10000E+01 0.13650E+02 0.47567E+03
 0.62300E+03 0.10000E+01 0.14941E+02 0.48990E+03
 0.62400E+03 0.10000E+01 0.16198E+02 0.50545E+03
 0.62500E+03 0.10000E+01 0.17310E+02 0.52217E+03
 0.62600E+03 0.10000E+01 0.18459E+02 0.54000E+03
 0.62700E+03 0.10000E+01 0.20089E+02 0.55918E+03
 0.62800E+03 0.10000E+01 0.21514E+02 0.57997E+03
 0.62900E+03 0.10000E+01 0.22887E+02 0.60212E+03
 0.63000E+03 0.10000E+01 0.24314E+02 0.62562E+03
 0.63100E+03 0.10000E+01 0.26399E+02 0.65083E+03
 0.63200E+03 0.10000E+01 0.28035E+02 0.67804E+03
 0.63300E+03 0.10000E+01 0.29724E+02 0.70684E+03
 0.63400E+03 0.10000E+01 0.31485E+02 0.73730E+03
 0.63500E+03 0.10000E+01 0.34061E+02 0.77001E+03
 0.63600E+03 0.10000E+01 0.36079E+02 0.80506E+03
 0.63700E+03 0.10000E+01 0.38185E+02 0.84209E+03
 0.63800E+03 0.10000E+01 0.40412E+02 0.88117E+03
 0.63900E+03 0.10000E+01 0.43546E+02 0.92316E+03
 0.64000E+03 0.10000E+01 0.46051E+02 0.96792E+03
 0.64100E+03 0.10000E+01 0.48662E+02 0.10152E+04
 0.64200E+03 0.10000E+01 0.51578E+02 0.10649E+04
 0.64300E+03 0.10000E+01 0.55274E+02 0.11184E+04
 0.64400E+03 0.10000E+01 0.58383E+02 0.11752E+04
 0.64500E+03 0.10000E+01 0.61626E+02 0.12350E+04
 0.64600E+03 0.10000E+01 0.65442E+02 0.12981E+04
 0.64700E+03 0.10000E+01 0.69743E+02 0.13658E+04
 0.64800E+03 0.10000E+01 0.73580E+02 0.14374E+04
 0.64900E+03 0.10000E+01 0.77591E+02 0.15127E+04
 0.65000E+03 0.10000E+01 0.82545E+02 0.15923E+04
 0.65100E+03 0.10000E+01 0.87493E+02 0.16774E+04
 0.65200E+03 0.10000E+01 0.92226E+02 0.17671E+04
 0.65300E+03 0.10000E+01 0.97169E+02 0.18614E+04
 0.65400E+03 0.10000E+01 0.10344E+03 0.19610E+04
 0.65500E+03 0.10000E+01 0.10922E+03 0.20675E+04
 0.65600E+03 0.10000E+01 0.11506E+03 0.21795E+04
 0.65700E+03 0.10000E+01 0.12116E+03 0.22970E+04
 0.65800E+03 0.10000E+01 0.12903E+03 0.24213E+04
 0.65900E+03 0.10000E+01 0.13599E+03 0.25541E+04
 0.66000E+03 0.10000E+01 0.14327E+03 0.26934E+04
 0.66100E+03 0.10000E+01 0.15091E+03 0.28396E+04
 0.66200E+03 0.10000E+01 0.16065E+03 0.29949E+04
 0.66300E+03 0.10000E+01 0.16949E+03 0.31602E+04
 0.66400E+03 0.10000E+01 0.17883E+03 0.33339E+04
 0.66500E+03 0.10000E+01 0.18875E+03 0.35164E+04
 0.66600E+03 0.10000E+01 0.20118E+03 0.37112E+04
 0.66700E+03 0.10000E+01 0.21284E+03 0.39187E+04
 0.66800E+03 0.10000E+01 0.22529E+03 0.41370E+04
 0.66900E+03 0.10000E+01 0.23857E+03 0.43670E+04
 0.67000E+03 0.10000E+01 0.25489E+03 0.46143E+04
 0.67100E+03 0.10000E+01 0.27055E+03 0.48774E+04
 0.67200E+03 0.10000E+01 0.28723E+03 0.51553E+04
 0.67300E+03 0.10000E+01 0.30497E+03 0.54488E+04
 0.67400E+03 0.10000E+01 0.32597E+03 0.57659E+04
 0.67500E+03 0.10000E+01 0.34617E+03 0.61030E+04
 0.67600E+03 0.10000E+01 0.36726E+03 0.64589E+04
 0.67700E+03 0.10000E+01 0.38922E+03 0.68340E+04
 0.67800E+03 0.10000E+01 0.41341E+03 0.72388E+04
 0.67900E+03 0.10000E+01 0.43589E+03 0.76652E+04
 0.68000E+03 0.10000E+01 0.45800E+03 0.81121E+04
 0.68100E+03 0.10000E+01 0.47946E+03 0.85790E+04
 0.68200E+03 0.10000E+01 0.49964E+03 0.90739E+04
 0.68300E+03 0.10000E+01 0.51563E+03 0.95847E+04
 0.68400E+03 0.10000E+01 0.52771E+03 0.10109E+05
 0.68500E+03 0.10000E+01 0.53495E+03 0.10645E+05
 0.68600E+03 0.10000E+01 0.53237E+03 0.11185E+05
 0.68700E+03 0.10000E+01 0.51895E+03 0.11716E+05
 0.68800E+03 0.10000E+01 0.49474E+03 0.12231E+05
 0.68900E+03 0.10000E+01 0.45917E+03 0.12719E+05
 0.69000E+03 0.10000E+01 0.40341E+03 0.13155E+05
 0.69100E+03 0.10000E+01 0.34275E+03 0.13527E+05
 0.69200E+03 0.10000E+01 0.27878E+03 0.13840E+05
 0.69300E+03 0.10000E+01 0.21419E+03 0.14091E+05
 0.69400E+03 0.10000E+01 0.14993E+03 0.14269E+05
 0.69500E+03 0.10000E+01 0.10186E+03 0.14386E+05
 0.69600E+03 0.10000E+01 0.63209E+02 0.14463E+05
 0.69700E+03 0.10000E+01 0.33978E+02 0.14507E+05
 0.69800E+03 0.10000E+01 0.13863E+02 0.14528E+05
 0.69900E+03 0.10000E+01 0.44076E+01 0.14533E+05
 0.70000E+03 0.10000E+01 -.10665E+01 0.14532E+05
 0.70100E+03 0.10000E+01 -.35539E+01 0.14529E+05
 0.70200E+03 0.10000E+01 -.40965E+01 0.14524E+05
 0.70300E+03 0.10000E+01 -.35170E+01 0.14520E+05
 0.70400E+03 0.10000E+01 -.27924E+01 0.14517E+05
 0.70500E+03 0.10000E+01 -.20373E+01 0.14515E+05
 0.70600E+03 0.10000E+01 -.13429E+01 0.14513E+05
 0.70700E+03 0.10000E+01 -.81313E+00 0.14512E+05
 0.70800E+03 0.10000E+01 -.42243E+00 0.14511E+05
 0.70900E+03 0.10000E+01 -.12932E+00 0.14511E+05
 0.71000E+03 0.10000E+01 0.79451E-01 0.14511E+05
 0.71100E+03 0.10000E+01 0.22521E+00 0.14511E+05
 0.71200E+03 0.10000E+01 0.34161E+00 0.14511E+05
 0.71300E+03 0.10000E+01 0.43831E+00 0.14512E+05
 0.71400E+03 0.10000E+01 0.50711E+00 0.14512E+05
 0.71500E+03 0.10000E+01 0.57021E+00 0.14513E+05
 0.71600E+03 0.10000E+01 0.62675E+00 0.14514E+05
 0.71700E+03 0.10000E+01 0.66170E+00 0.14514E+05
 0.71800E+03 0.10000E+01 0.61585E+00 0.14515E+05
 0.71900E+03 0.10000E+01 0.39017E+00 0.14516E+05
 0.72000E+03 0.10000E+01 -.21665E+00 0.14516E+05
 0.72100E+03 0.10000E+01 -.15808E+01 0.14516E+05
 0.72200E+03 0.10000E+01 -.43389E+01 0.14514E+05
 0.72300E+03 0.10000E+01 -.94022E+01 0.14509E+05
 0.72400E+03 0.10000E+01 -.18451E+02 0.14497E+05
 0.72500E+03 0.10000E+01 -.33440E+02 0.14476E+05
 0.72600E+03 0.10000E+01 -.56130E+02 0.14436E+05
 0.72700E+03 0.10000E+01 -.87627E+02 0.14369E+05
 0.72800E+03 0.10000E+01 -.12932E+03 0.14267E+05
 0.72900E+03 0.10000E+01 -.17990E+03 0.14118E+05
 0.73000E+03 0.10000E+01 -.23720E+03 0.13915E+05
 0.73100E+03 0.10000E+01 -.29763E+03 0.13650E+05
 0.73200E+03 0.10000E+01 -.35566E+03 0.13323E+05
 0.73300E+03 0.10000E+01 -.40581E+03 0.12939E+05
 0.73400E+03 0.10000E+01 -.44425E+03 0.12510E+05
 0.73500E+03 0.10000E+01 -.46829E+03 0.12048E+05
 0.73600E+03 0.10000E+01 -.48249E+03 0.11566E+05
 0.73700E+03 0.10000E+01 -.48686E+03 0.11078E+05
 0.73800E+03 0.10000E+01 -.48423E+03 0.10590E+05
 0.73900E+03 0.10000E+01 -.47734E+03 0.10108E+05
 0.74000E+03 0.10000E+01 -.46934E+03 0.96366E+04
 0.74100E+03 0.10000E+01 -.46256E+03 0.91727E+04
 0.74200E+03 0.10000E+01 -.45863E+03 0.87152E+04
 0.74300E+03 0.10000E+01 -.45958E+03 0.82595E+04
 0.74400E+03 0.10000E+01 -.46643E+03 0.78002E+04
 0.74500E+03 0.10000E+01 -.47972E+03 0.73306E+04
 0.74600E+03 0.10000E+01 -.49896E+03 0.68441E+04
 0.74700E+03 0.10000E+01 -.52262E+03 0.63355E+04
 0.74800E+03 0.10000E+01 -.54738E+03 0.58006E+04
 0.74900E+03 0.10000E+01 -.56889E+03 0.52403E+04
 0.75000E+03 0.10000E+01 -.58097E+03 0.46605E+04
 0.60000E+03 0.20000E+01 0.00000E+00 0.00000E+00
 0.60100E+03 0.20000E+01 0.00000E+00 0.00000E+00
 0.60200E+03 0.20000E+01 0.00000E+00 0.00000E+00
 0.60300E+03 0.20000E+01 0.00000E+00 0.00000E+00
 0.60400E+03 0.20000E+01 0.00000E+00 0.00000E+00
 0.60500E+03 0.20000E+01 0.00000E+00 0.00000E+00
 0.60600E+03 0.20000E+01 0.00000E+00 0.00000E+00
 0.60700E+03 0.20000E+01 0.13158E+01 0.37333E+03
 0.60800E+03 0.20000E+01 0.27627E+01 0.37424E+03
 0.60900E+03 0.20000E+01 0.40736E+01 0.37598E+03
 0.61000E+03 0.20000E+01 0.58201E+01 0.37853E+03
 0.61100E+03 0.20000E+01 0.74638E+01 0.38177E+03
 0.61200E+03 0.20000E+01 0.88527E+01 0.38584E+03
 0.61300E+03 0.20000E+01 0.10472E+02 0.39070E+03
 0.61400E+03 0.20000E+01 0.12329E+02 0.39635E+03
 0.61500E+03 0.20000E+01 0.13967E+02 0.40286E+03
 0.61600E+03 0.20000E+01 0.15506E+02 0.41022E+03
 0.61700E+03 0.20000E+01 0.17412E+02 0.41846E+03
 0.61800E+03 0.20000E+01 0.19497E+02 0.42754E+03
 0.61900E+03 0.20000E+01 0.21258E+02 0.43770E+03
 0.62000E+03 0.20000E+01 0.23026E+02 0.44873E+03
 0.62100E+03 0.20000E+01 0.25313E+02 0.46081E+03
 0.62200E+03 0.20000E+01 0.27681E+02 0.47389E+03
 0.62300E+03 0.20000E+01 0.29717E+02 0.48819E+03
 0.62400E+03 0.20000E+01 0.31864E+02 0.50350E+03
 0.62500E+03 0.20000E+01 0.34617E+02 0.52010E+03
 0.62600E+03 0.20000E+01 0.37342E+02 0.53790E+03
 0.62700E+03 0.20000E+01 0.39800E+02 0.55711E+03
 0.62800E+03 0.20000E+01 0.42499E+02 0.57759E+03
 0.62900E+03 0.20000E+01 0.45878E+02 0.59958E+03
 0.63000E+03 0.20000E+01 0.49071E+02 0.62314E+03
 0.63100E+03 0.20000E+01 0.52085E+02 0.64831E+03
 0.63200E+03 0.20000E+01 0.55527E+02 0.67508E+03
 0.63300E+03 0.20000E+01 0.59721E+02 0.70368E+03
 0.63400E+03 0.20000E+01 0.63496E+02 0.73431E+03
 0.63500E+03 0.20000E+01 0.67230E+02 0.76682E+03
 0.63600E+03 0.20000E+01 0.71633E+02 0.80137E+03
 0.63700E+03 0.20000E+01 0.76852E+02 0.83813E+03
 0.63800E+03 0.20000E+01 0.81363E+02 0.87754E+03
 0.63900E+03 0.20000E+01 0.86023E+02 0.91912E+03
 0.64000E+03 0.20000E+01 0.91637E+02 0.96335E+03
 0.64100E+03 0.20000E+01 0.97932E+02 0.10103E+04
 0.64200E+03 0.20000E+01 0.10349E+03 0.10605E+04
 0.64300E+03 0.20000E+01 0.10929E+03 0.11133E+04
 0.64400E+03 0.20000E+01 0.11644E+03 0.11696E+04
 0.64500E+03 0.20000E+01 0.12395E+03 0.12293E+04
 0.64600E+03 0.20000E+01 0.13084E+03 0.12927E+04
 0.64700E+03 0.20000E+01 0.13802E+03 0.13594E+04
 0.64800E+03 0.20000E+01 0.14709E+03 0.14304E+04
 0.64900E+03 0.20000E+01 0.15592E+03 0.15058E+04
 0.65000E+03 0.20000E+01 0.16443E+03 0.15856E+04
 0.65100E+03 0.20000E+01 0.17329E+03 0.16693E+04
 0.65200E+03 0.20000E+01 0.18467E+03 0.17584E+04
 0.65300E+03 0.20000E+01 0.19514E+03 0.18531E+04
 0.65400E+03 0.20000E+01 0.20559E+03 0.19528E+04
 0.65500E+03 0.20000E+01 0.21664E+03 0.20576E+04
 0.65600E+03 0.20000E+01 0.23076E+03 0.21688E+04
 0.65700E+03 0.20000E+01 0.24314E+03 0.22871E+04
 0.65800E+03 0.20000E+01 0.25609E+03 0.24112E+04
 0.65900E+03 0.20000E+01 0.27015E+03 0.25417E+04
 0.66000E+03 0.20000E+01 0.28709E+03 0.26803E+04
 0.66100E+03 0.20000E+01 0.30258E+03 0.28274E+04
 0.66200E+03 0.20000E+01 0.31893E+03 0.29818E+04
 0.66300E+03 0.20000E+01 0.33712E+03 0.31443E+04
 0.66400E+03 0.20000E+01 0.35816E+03 0.33174E+04
 0.66500E+03 0.20000E+01 0.37826E+03 0.35010E+04
 0.66600E+03 0.20000E+01 0.39963E+03 0.36940E+04
 0.66700E+03 0.20000E+01 0.42389E+03 0.38976E+04
 0.66800E+03 0.20000E+01 0.45091E+03 0.41157E+04
 0.66900E+03 0.20000E+01 0.47779E+03 0.43469E+04
 0.67000E+03 0.20000E+01 0.50648E+03 0.45908E+04
 0.67100E+03 0.20000E+01 0.53952E+03 0.48492E+04
 0.67200E+03 0.20000E+01 0.57471E+03 0.51275E+04
 0.67300E+03 0.20000E+01 0.61062E+03 0.54229E+04
 0.67400E+03 0.20000E+01 0.64866E+03 0.57350E+04
 0.67500E+03 0.20000E+01 0.69180E+03 0.60667E+04
 0.67600E+03 0.20000E+01 0.73538E+03 0.64249E+04
 0.67700E+03 0.20000E+01 0.77958E+03 0.68037E+04
 0.67800E+03 0.20000E+01 0.82481E+03 0.72032E+04
 0.67900E+03 0.20000E+01 0.87296E+03 0.76258E+04
 0.68000E+03 0.20000E+01 0.91828E+03 0.80780E+04
 0.68100E+03 0.20000E+01 0.96113E+03 0.85515E+04
 0.68200E+03 0.20000E+01 0.10010E+04 0.90451E+04
 0.68300E+03 0.20000E+01 0.10372E+04 0.95584E+04
 0.68400E+03 0.20000E+01 0.10632E+04 0.10094E+05
 0.68500E+03 0.20000E+01 0.10766E+04 0.10641E+05
 0.68600E+03 0.20000E+01 0.10755E+04 0.11193E+05
 0.68700E+03 0.20000E+01 0.10568E+04 0.11745E+05
 0.68800E+03 0.20000E+01 0.10046E+04 0.12284E+05
 0.68900E+03 0.20000E+01 0.92399E+03 0.12784E+05
 0.69000E+03 0.20000E+01 0.81992E+03 0.13239E+05
 0.69100E+03 0.20000E+01 0.69688E+03 0.13633E+05
 0.69200E+03 0.20000E+01 0.55182E+03 0.13957E+05
 0.69300E+03 0.20000E+01 0.41504E+03 0.14186E+05
 0.69400E+03 0.20000E+01 0.29569E+03 0.14349E+05
 0.69500E+03 0.20000E+01 0.19394E+03 0.14457E+05
 0.69600E+03 0.20000E+01 0.11263E+03 0.14519E+05
 0.69700E+03 0.20000E+01 0.53487E+02 0.14543E+05
 0.69800E+03 0.20000E+01 0.22318E+02 0.14548E+05
 0.69900E+03 0.20000E+01 0.35968E+01 0.14544E+05
 0.70000E+03 0.20000E+01 -.58657E+01 0.14537E+05
 0.70100E+03 0.20000E+01 -.91517E+01 0.14530E+05
 0.70200E+03 0.20000E+01 -.88067E+01 0.14524E+05
 0.70300E+03 0.20000E+01 -.73114E+01 0.14519E+05
 0.70400E+03 0.20000E+01 -.55968E+01 0.14516E+05
 0.70500E+03 0.20000E+01 -.39620E+01 0.14513E+05
 0.70600E+03 0.20000E+01 -.25754E+01 0.14512E+05
 0.70700E+03 0.20000E+01 -.15055E+01 0.14511E+05
 0.70800E+03 0.20000E+01 -.75976E+00 0.14511E+05
 0.70900E+03 0.20000E+01 -.18569E+00 0.14511E+05
 0.71000E+03 0.20000E+01 0.20150E+00 0.14511E+05
 0.71100E+03 0.20000E+01 0.49647E+00 0.14511E+05
 0.71200E+03 0.20000E+01 0.72710E+00 0.14511E+05
 0.71300E+03 0.20000E+01 0.86748E+00 0.14512E+05
 0.71400E+03 0.20000E+01 0.10134E+01 0.14512E+05
 0.71500E+03 0.20000E+01 0.11605E+01 0.14513E+05
 0.71600E+03 0.20000E+01 0.12963E+01 0.14513E+05
 0.71700E+03 0.20000E+01 0.14304E+01 0.14514E+05
 0.71800E+03 0.20000E+01 0.14651E+01 0.14515E+05
 0.71900E+03 0.20000E+01 0.12577E+01 0.14516E+05
 0.72000E+03 0.20000E+01 0.44466E+00 0.14517E+05
 0.72100E+03 0.20000E+01 -.16839E+01 0.14519E+05
 0.72200E+03 0.20000E+01 -.62544E+01 0.14519E+05
 0.72300E+03 0.20000E+01 -.15344E+02 0.14519E+05
 0.72400E+03 0.20000E+01 -.31855E+02 0.14514E+05
 0.72500E+03 0.20000E+01 -.59501E+02 0.14502E+05
 0.72600E+03 0.20000E+01 -.10256E+03 0.14475E+05
 0.72700E+03 0.20000E+01 -.16439E+03 0.14423E+05
 0.72800E+03 0.20000E+01 -.24661E+03 0.14336E+05
 0.72900E+03 0.20000E+01 -.34809E+03 0.14201E+05
 0.73000E+03 0.20000E+01 -.46517E+03 0.14007E+05
 0.73100E+03 0.20000E+01 -.59024E+03 0.13743E+05
 0.73200E+03 0.20000E+01 -.71166E+03 0.13409E+05
 0.73300E+03 0.20000E+01 -.81722E+03 0.13011E+05
 0.73400E+03 0.20000E+01 -.89681E+03 0.12559E+05
 0.73500E+03 0.20000E+01 -.94840E+03 0.12077E+05
 0.73600E+03 0.20000E+01 -.97443E+03 0.11578E+05
 0.73700E+03 0.20000E+01 -.98018E+03 0.11077E+05
 0.73800E+03 0.20000E+01 -.97179E+03 0.10581E+05
 0.73900E+03 0.20000E+01 -.95561E+03 0.10095E+05
 0.74000E+03 0.20000E+01 -.93724E+03 0.96233E+04
 0.74100E+03 0.20000E+01 -.92125E+03 0.91629E+04
 0.74200E+03 0.20000E+01 -.91166E+03 0.87116E+04
 0.74300E+03 0.20000E+01 -.91213E+03 0.82646E+04
 0.74400E+03 0.20000E+01 -.92512E+03 0.78152E+04
 0.74500E+03 0.20000E+01 -.95205E+03 0.73561E+04
 0.74600E+03 0.20000E+01 -.99235E+03 0.68786E+04
 0.74700E+03 0.20000E+01 -.10430E+04 0.63748E+04
 0.74800E+03 0.20000E+01 -.10978E+04 0.58388E+04
 0.74900E+03 0.20000E+01 -.11468E+04 0.52689E+04
 0.75000E+03 0.20000E+01 -.11776E+04 0.46702E+04
 0.60000E+03 0.30000E+01 0.00000E+00 0.00000E+00
 0.60100E+03 0.30000E+01 0.00000E+00 0.00000E+00
 0.60200E+03 0.30000E+01 0.00000E+00 0.00000E+00
 0.60300E+03 0.30000E+01 0.00000E+00 0.00000E+00
 0.60400E+03 0.30000E+01 0.00000E+00 0.00000E+00
 0.60500E+03 0.30000E+01 0.00000E+00 0.00000E+00
 0.60600E+03 0.30000E+01 0.00000E+00 0.00000E+00
 0.60700E+03 0.30000E+01 0.16381E+01 0.37140E+03
 0.60800E+03 0.30000E+01 0.40436E+01 0.37246E+03
 0.60900E+03 0.30000E+01 0.64320E+01 0.37416E+03
 0.61000E+03 0.30000E+01 0.86488E+01 0.37659E+03
 0.61100E+03 0.30000E+01 0.10937E+02 0.37990E+03
 0.61200E+03 0.30000E+01 0.13413E+02 0.38394E+03
 0.61300E+03 0.30000E+01 0.15935E+02 0.38865E+03
 0.61400E+03 0.30000E+01 0.18133E+02 0.39428E+03
 0.61500E+03 0.30000E+01 0.20776E+02 0.40082E+03
 0.61600E+03 0.30000E+01 0.23494E+02 0.40808E+03
 0.61700E+03 0.30000E+01 0.26176E+02 0.41618E+03
 0.61800E+03 0.30000E+01 0.28754E+02 0.42528E+03
 0.61900E+03 0.30000E+01 0.31758E+02 0.43534E+03
 0.62000E+03 0.30000E+01 0.34875E+02 0.44623E+03
 0.62100E+03 0.30000E+01 0.37840E+02 0.45817E+03
 0.62200E+03 0.30000E+01 0.40954E+02 0.47125E+03
 0.62300E+03 0.30000E+01 0.44500E+02 0.48538E+03
 0.62400E+03 0.30000E+01 0.48200E+02 0.50049E+03
 0.62500E+03 0.30000E+01 0.51580E+02 0.51695E+03
 0.62600E+03 0.30000E+01 0.55433E+02 0.53469E+03
 0.62700E+03 0.30000E+01 0.59704E+02 0.55366E+03
 0.62800E+03 0.30000E+01 0.64142E+02 0.57390E+03
 0.62900E+03 0.30000E+01 0.68187E+02 0.59576E+03
 0.63000E+03 0.30000E+01 0.72997E+02 0.61917E+03
 0.63100E+03 0.30000E+01 0.78264E+02 0.64405E+03
 0.63200E+03 0.30000E+01 0.83544E+02 0.67055E+03
 0.63300E+03 0.30000E+01 0.88564E+02 0.69898E+03
 0.63400E+03 0.30000E+01 0.94637E+02 0.72936E+03
 0.63500E+03 0.30000E+01 0.10114E+03 0.76149E+03
 0.63600E+03 0.30000E+01 0.10749E+03 0.79580E+03
 0.63700E+03 0.30000E+01 0.11378E+03 0.83232E+03
 0.63800E+03 0.30000E+01 0.12148E+03 0.87131E+03
 0.63900E+03 0.30000E+01 0.12958E+03 0.91243E+03
 0.64000E+03 0.30000E+01 0.13719E+03 0.95645E+03
 0.64100E+03 0.30000E+01 0.14521E+03 0.10031E+04
 0.64200E+03 0.30000E+01 0.15476E+03 0.10527E+04
 0.64300E+03 0.30000E+01 0.16473E+03 0.11050E+04
 0.64400E+03 0.30000E+01 0.17397E+03 0.11611E+04
 0.64500E+03 0.30000E+01 0.18412E+03 0.12202E+04
 0.64600E+03 0.30000E+01 0.19597E+03 0.12830E+04
 0.64700E+03 0.30000E+01 0.20794E+03 0.13493E+04
 0.64800E+03 0.30000E+01 0.21936E+03 0.14199E+04
 0.64900E+03 0.30000E+01 0.23206E+03 0.14945E+04
 0.65000E+03 0.30000E+01 0.24664E+03 0.15735E+04
 0.65100E+03 0.30000E+01 0.26088E+03 0.16572E+04
 0.65200E+03 0.30000E+01 0.27496E+03 0.17457E+04
 0.65300E+03 0.30000E+01 0.29087E+03 0.18393E+04
 0.65400E+03 0.30000E+01 0.30878E+03 0.19380E+04
 0.65500E+03 0.30000E+01 0.32571E+03 0.20428E+04
 0.65600E+03 0.30000E+01 0.34302E+03 0.21532E+04
 0.65700E+03 0.30000E+01 0.36286E+03 0.22698E+04
 0.65800E+03 0.30000E+01 0.38478E+03 0.23928E+04
 0.65900E+03 0.30000E+01 0.40536E+03 0.25235E+04
 0.66000E+03 0.30000E+01 0.42689E+03 0.26607E+04
 0.66100E+03 0.30000E+01 0.45206E+03 0.28057E+04
 0.66200E+03 0.30000E+01 0.47882E+03 0.29590E+04
 0.66300E+03 0.30000E+01 0.50496E+03 0.31215E+04
 0.66400E+03 0.30000E+01 0.53257E+03 0.32921E+04
 0.66500E+03 0.30000E+01 0.56543E+03 0.34726E+04
 0.66600E+03 0.30000E+01 0.59937E+03 0.36646E+04
 0.66700E+03 0.30000E+01 0.63378E+03 0.38678E+04
 0.66800E+03 0.30000E+01 0.67045E+03 0.40816E+04
 0.66900E+03 0.30000E+01 0.71464E+03 0.43087E+04
 0.67000E+03 0.30000E+01 0.75913E+03 0.45520E+04
 0.67100E+03 0.30000E+01 0.80570E+03 0.48095E+04
 0.67200E+03 0.30000E+01 0.85536E+03 0.50814E+04
 0.67300E+03 0.30000E+01 0.91474E+03 0.53717E+04
 0.67400E+03 0.30000E+01 0.97269E+03 0.56847E+04
 0.67500E+03 0.30000E+01 0.10338E+04 0.60161E+04
 0.67600E+03 0.30000E+01 0.10979E+04 0.63667E+04
 0.67700E+03 0.30000E+01 0.11703E+04 0.67421E+04
 0.67800E+03 0.30000E+01 0.12394E+04 0.71453E+04
 0.67900E+03 0.30000E+01 0.13091E+04 0.75708E+04
 0.68000E+03 0.30000E+01 0.13784E+04 0.80189E+04
 0.68100E+03 0.30000E+01 0.14497E+04 0.84934E+04
 0.68200E+03 0.30000E+01 0.15112E+04 0.89968E+04
 0.68300E+03 0.30000E+01 0.15655E+04 0.95209E+04
 0.68400E+03 0.30000E+01 0.16098E+04 0.10065E+05
 0.68500E+03 0.30000E+01 0.16408E+04 0.10625E+05
 0.68600E+03 0.30000E+01 0.16448E+04 0.11207E+05
 0.68700E+03 0.30000E+01 0.16138E+04 0.11788E+05
 0.68800E+03 0.30000E+01 0.15443E+04 0.12359E+05
 0.68900E+03 0.30000E+01 0.14325E+04 0.12904E+05
 0.69000E+03 0.30000E+01 0.12628E+04 0.13405E+05
 0.69100E+03 0.30000E+01 0.10474E+04 0.13815E+05
 0.69200E+03 0.30000E+01 0.82769E+03 0.14129E+05
 0.69300E+03 0.30000E+01 0.61459E+03 0.14356E+05
 0.69400E+03 0.30000E+01 0.42064E+03 0.14505E+05
 0.69500E+03 0.30000E+01 0.25329E+03 0.14580E+05
 0.69600E+03 0.30000E+01 0.13193E+03 0.14600E+05
 0.69700E+03 0.30000E+01 0.58820E+02 0.14594E+05
 0.69800E+03 0.30000E+01 0.14230E+02 0.14578E+05
 0.69900E+03 0.30000E+01 -.87877E+01 0.14558E+05
 0.70000E+03 0.30000E+01 -.17338E+02 0.14542E+05
 0.70100E+03 0.30000E+01 -.17657E+02 0.14529E+05
 0.70200E+03 0.30000E+01 -.14854E+02 0.14522E+05
 0.70300E+03 0.30000E+01 -.11528E+02 0.14517E+05
 0.70400E+03 0.30000E+01 -.83408E+01 0.14513E+05
 0.70500E+03 0.30000E+01 -.56033E+01 0.14511E+05
 0.70600E+03 0.30000E+01 -.34875E+01 0.14510E+05
 0.70700E+03 0.30000E+01 -.19351E+01 0.14510E+05
 0.70800E+03 0.30000E+01 -.79832E+00 0.14510E+05
 0.70900E+03 0.30000E+01 -.69033E-01 0.14510E+05
 0.71000E+03 0.30000E+01 0.46959E+00 0.14510E+05
 0.71100E+03 0.30000E+01 0.83267E+00 0.14511E+05
 0.71200E+03 0.30000E+01 0.11049E+01 0.14511E+05
 0.71300E+03 0.30000E+01 0.12891E+01 0.14512E+05
 0.71400E+03 0.30000E+01 0.15098E+01 0.14512E+05
 0.71500E+03 0.30000E+01 0.17482E+01 0.14513E+05
 0.71600E+03 0.30000E+01 0.20035E+01 0.14513E+05
 0.71700E+03 0.30000E+01 0.22861E+01 0.14514E+05
 0.71800E+03 0.30000E+01 0.25805E+01 0.14515E+05
 0.71900E+03 0.30000E+01 0.27375E+01 0.14516E+05
 0.72000E+03 0.30000E+01 0.23246E+01 0.14519E+05
 0.72100E+03 0.30000E+01 0.57761E+00 0.14522E+05
 0.72200E+03 0.30000E+01 -.39085E+01 0.14526E+05
 0.72300E+03 0.30000E+01 -.13973E+02 0.14532E+05
 0.72400E+03 0.30000E+01 -.34071E+02 0.14540E+05
 0.72500E+03 0.30000E+01 -.70679E+02 0.14545E+05
 0.72600E+03 0.30000E+01 -.13183E+03 0.14541E+05
 0.72700E+03 0.30000E+01 -.22451E+03 0.14517E+05
 0.72800E+03 0.30000E+01 -.35199E+03 0.14458E+05
 0.72900E+03 0.30000E+01 -.51302E+03 0.14348E+05
 0.73000E+03 0.30000E+01 -.70237E+03 0.14170E+05
 0.73100E+03 0.30000E+01 -.90617E+03 0.13909E+05
 0.73200E+03 0.30000E+01 -.11040E+04 0.13557E+05
 0.73300E+03 0.30000E+01 -.12702E+04 0.13124E+05
 0.73400E+03 0.30000E+01 -.13802E+04 0.12642E+05
 0.73500E+03 0.30000E+01 -.14540E+04 0.12122E+05
 0.73600E+03 0.30000E+01 -.14867E+04 0.11594E+05
 0.73700E+03 0.30000E+01 -.14874E+04 0.11071E+05
 0.73800E+03 0.30000E+01 -.14673E+04 0.10561E+05
 0.73900E+03 0.30000E+01 -.14360E+04 0.10071E+05
 0.74000E+03 0.30000E+01 -.14022E+04 0.95988E+04
 0.74100E+03 0.30000E+01 -.13726E+04 0.91445E+04
 0.74200E+03 0.30000E+01 -.13537E+04 0.87042E+04
 0.74300E+03 0.30000E+01 -.13507E+04 0.82727E+04
 0.74400E+03 0.30000E+01 -.13684E+04 0.78414E+04
 0.74500E+03 0.30000E+01 -.14089E+04 0.74008E+04
 0.74600E+03 0.30000E+01 -.14720E+04 0.69403E+04
 0.74700E+03 0.30000E+01 -.15554E+04 0.64490E+04
 0.74800E+03 0.30000E+01 -.16513E+04 0.59149E+04
 0.74900E+03 0.30000E+01 -.17420E+04 0.53314E+04
 0.75000E+03 0.30000E+01 -.18052E+04 0.47005E+04
 0.60000E+03 0.40000E+01 0.00000E+00 0.00000E+00
 0.60100E+03 0.40000E+01 0.00000E+00 0.00000E+00
 0.60200E+03 0.40000E+01 0.00000E+00 0.00000E+00
 0.60300E+03 0.40000E+01 0.00000E+00 0.00000E+00
 0.60400E+03 0.40000E+01 0.00000E+00 0.00000E+00
 0.60500E+03 0.40000E+01 0.00000E+00 0.00000E+00
 0.60600E+03 0.40000E+01 0.00000E+00 0.00000E+00
 0.60700E+03 0.40000E+01 0.24008E+01 0.36901E+03
 0.60800E+03 0.40000E+01 0.54106E+01 0.36983E+03
 0.60900E+03 0.40000E+01 0.84845E+01 0.37159E+03
 0.61000E+03 0.40000E+01 0.11534E+02 0.37413E+03
 0.61100E+03 0.40000E+01 0.14627E+02 0.37728E+03
 0.61200E+03 0.40000E+01 0.17797E+02 0.38118E+03
 0.61300E+03 0.40000E+01 0.21016E+02 0.38607E+03
 0.61400E+03 0.40000E+01 0.24307E+02 0.39164E+03
 0.61500E+03 0.40000E+01 0.27675E+02 0.39790E+03
 0.61600E+03 0.40000E+01 0.31115E+02 0.40512E+03
 0.61700E+03 0.40000E+01 0.34708E+02 0.41328E+03
 0.61800E+03 0.40000E+01 0.38410E+02 0.42221E+03
 0.61900E+03 0.40000E+01 0.42224E+02 0.43193E+03
 0.62000E+03 0.40000E+01 0.46133E+02 0.44289E+03
 0.62100E+03 0.40000E+01 0.50294E+02 0.45477E+03
 0.62200E+03 0.40000E+01 0.54623E+02 0.46754E+03
 0.62300E+03 0.40000E+01 0.58980E+02 0.48133E+03
 0.62400E+03 0.40000E+01 0.63728E+02 0.49656E+03
 0.62500E+03 0.40000E+01 0.68697E+02 0.51283E+03
 0.62600E+03 0.40000E+01 0.73885E+02 0.53015E+03
 0.62700E+03 0.40000E+01 0.79063E+02 0.54885E+03
 0.62800E+03 0.40000E+01 0.84843E+02 0.56914E+03
 0.62900E+03 0.40000E+01 0.90904E+02 0.59067E+03
 0.63000E+03 0.40000E+01 0.97264E+02 0.61348E+03
 0.63100E+03 0.40000E+01 0.10360E+03 0.63824E+03
 0.63200E+03 0.40000E+01 0.11070E+03 0.66465E+03
 0.63300E+03 0.40000E+01 0.11817E+03 0.69261E+03
 0.63400E+03 0.40000E+01 0.12590E+03 0.72229E+03
 0.63500E+03 0.40000E+01 0.13379E+03 0.75434E+03
 0.63600E+03 0.40000E+01 0.14262E+03 0.78837E+03
 0.63700E+03 0.40000E+01 0.15194E+03 0.82431E+03
 0.63800E+03 0.40000E+01 0.16129E+03 0.86258E+03
 0.63900E+03 0.40000E+01 0.17127E+03 0.90363E+03
 0.64000E+03 0.40000E+01 0.18229E+03 0.94711E+03
 0.64100E+03 0.40000E+01 0.19390E+03 0.99294E+03
 0.64200E+03 0.40000E+01 0.20517E+03 0.10419E+04
 0.64300E+03 0.40000E+01 0.21778E+03 0.10941E+04
 0.64400E+03 0.40000E+01 0.23145E+03 0.11493E+04
 0.64500E+03 0.40000E+01 0.24579E+03 0.12075E+04
 0.64600E+03 0.40000E+01 0.25944E+03 0.12697E+04
 0.64700E+03 0.40000E+01 0.27530E+03 0.13358E+04
 0.64800E+03 0.40000E+01 0.29220E+03 0.14054E+04
 0.64900E+03 0.40000E+01 0.30936E+03 0.14790E+04
 0.65000E+03 0.40000E+01 0.32618E+03 0.15573E+04
 0.65100E+03 0.40000E+01 0.34590E+03 0.16404E+04
 0.65200E+03 0.40000E+01 0.36667E+03 0.17277E+04
 0.65300E+03 0.40000E+01 0.38721E+03 0.18203E+04
 0.65400E+03 0.40000E+01 0.40808E+03 0.19183E+04
 0.65500E+03 0.40000E+01 0.43233E+03 0.20220E+04
 0.65600E+03 0.40000E+01 0.45788E+03 0.21309E+04
 0.65700E+03 0.40000E+01 0.48236E+03 0.22468E+04
 0.65800E+03 0.40000E+01 0.50841E+03 0.23686E+04
 0.65900E+03 0.40000E+01 0.53844E+03 0.24975E+04
 0.66000E+03 0.40000E+01 0.56949E+03 0.26330E+04
 0.66100E+03 0.40000E+01 0.59997E+03 0.27770E+04
 0.66200E+03 0.40000E+01 0.63301E+03 0.29283E+04
 0.66300E+03 0.40000E+01 0.67107E+03 0.30880E+04
 0.66400E+03 0.40000E+01 0.70970E+03 0.32570E+04
 0.66500E+03 0.40000E+01 0.74910E+03 0.34358E+04
 0.66600E+03 0.40000E+01 0.79238E+03 0.36242E+04
 0.66700E+03 0.40000E+01 0.84234E+03 0.38232E+04
 0.66800E+03 0.40000E+01 0.89247E+03 0.40355E+04
 0.66900E+03 0.40000E+01 0.94531E+03 0.42599E+04
 0.67000E+03 0.40000E+01 0.10038E+04 0.44970E+04
 0.67100E+03 0.40000E+01 0.10711E+04 0.47490E+04
 0.67200E+03 0.40000E+01 0.11383E+04 0.50201E+04
 0.67300E+03 0.40000E+01 0.12099E+04 0.53069E+04
 0.67400E+03 0.40000E+01 0.12882E+04 0.56111E+04
 0.67500E+03 0.40000E+01 0.13763E+04 0.59381E+04
 0.67600E+03 0.40000E+01 0.14634E+04 0.62895E+04
 0.67700E+03 0.40000E+01 0.15541E+04 0.66622E+04
 0.67800E+03 0.40000E+01 0.16485E+04 0.70576E+04
 0.67900E+03 0.40000E+01 0.17501E+04 0.74841E+04
 0.68000E+03 0.40000E+01 0.18450E+04 0.79385E+04
 0.68100E+03 0.40000E+01 0.19373E+04 0.84176E+04
 0.68200E+03 0.40000E+01 0.20254E+04 0.89215E+04
 0.68300E+03 0.40000E+01 0.21099E+04 0.94552E+04
 0.68400E+03 0.40000E+01 0.21757E+04 0.10017E+05
 0.68500E+03 0.40000E+01 0.22219E+04 0.10604E+05
 0.68600E+03 0.40000E+01 0.22415E+04 0.11210E+05
 0.68700E+03 0.40000E+01 0.22251E+04 0.11832E+05
 0.68800E+03 0.40000E+01 0.21450E+04 0.12474E+05
 0.68900E+03 0.40000E+01 0.19772E+04 0.13087E+05
 0.69000E+03 0.40000E+01 0.17338E+04 0.13632E+05
 0.69100E+03 0.40000E+01 0.14363E+04 0.14081E+05
 0.69200E+03 0.40000E+01 0.11106E+04 0.14417E+05
 0.69300E+03 0.40000E+01 0.78030E+03 0.14626E+05
 0.69400E+03 0.40000E+01 0.48680E+03 0.14720E+05
 0.69500E+03 0.40000E+01 0.27280E+03 0.14740E+05
 0.69600E+03 0.40000E+01 0.12171E+03 0.14713E+05
 0.69700E+03 0.40000E+01 0.27257E+02 0.14664E+05
 0.69800E+03 0.40000E+01 -.20677E+02 0.14611E+05
 0.69900E+03 0.40000E+01 -.36683E+02 0.14569E+05
 0.70000E+03 0.40000E+01 -.35452E+02 0.14541E+05
 0.70100E+03 0.40000E+01 -.28847E+02 0.14526E+05
 0.70200E+03 0.40000E+01 -.21854E+02 0.14517E+05
 0.70300E+03 0.40000E+01 -.15584E+02 0.14512E+05
 0.70400E+03 0.40000E+01 -.10529E+02 0.14510E+05
 0.70500E+03 0.40000E+01 -.66980E+01 0.14509E+05
 0.70600E+03 0.40000E+01 -.39057E+01 0.14508E+05
 0.70700E+03 0.40000E+01 -.19505E+01 0.14508E+05
 0.70800E+03 0.40000E+01 -.61924E+00 0.14509E+05
 0.70900E+03 0.40000E+01 0.28628E+00 0.14509E+05
 0.71000E+03 0.40000E+01 0.90293E+00 0.14510E+05
 0.71100E+03 0.40000E+01 0.12707E+01 0.14510E+05
 0.71200E+03 0.40000E+01 0.15414E+01 0.14511E+05
 0.71300E+03 0.40000E+01 0.17726E+01 0.14511E+05
 0.71400E+03 0.40000E+01 0.20205E+01 0.14512E+05
 0.71500E+03 0.40000E+01 0.23087E+01 0.14512E+05
 0.71600E+03 0.40000E+01 0.26742E+01 0.14513E+05
 0.71700E+03 0.40000E+01 0.32061E+01 0.14513E+05
 0.71800E+03 0.40000E+01 0.38745E+01 0.14514E+05
 0.71900E+03 0.40000E+01 0.47028E+01 0.14516E+05
 0.72000E+03 0.40000E+01 0.55363E+01 0.14519E+05
 0.72100E+03 0.40000E+01 0.57597E+01 0.14523E+05
 0.72200E+03 0.40000E+01 0.41319E+01 0.14532E+05
 0.72300E+03 0.40000E+01 -.22680E+01 0.14545E+05
 0.72400E+03 0.40000E+01 -.19078E+02 0.14565E+05
 0.72500E+03 0.40000E+01 -.55986E+02 0.14593E+05
 0.72600E+03 0.40000E+01 -.12635E+03 0.14623E+05
 0.72700E+03 0.40000E+01 -.24290E+03 0.14639E+05
 0.72800E+03 0.40000E+01 -.41106E+03 0.14623E+05
 0.72900E+03 0.40000E+01 -.62992E+03 0.14553E+05
 0.73000E+03 0.40000E+01 -.89519E+03 0.14407E+05
 0.73100E+03 0.40000E+01 -.11930E+04 0.14162E+05
 0.73200E+03 0.40000E+01 -.14911E+04 0.13795E+05
 0.73300E+03 0.40000E+01 -.17388E+04 0.13314E+05
 0.73400E+03 0.40000E+01 -.19100E+04 0.12759E+05
 0.73500E+03 0.40000E+01 -.20025E+04 0.12180E+05
 0.73600E+03 0.40000E+01 -.20315E+04 0.11606E+05
 0.73700E+03 0.40000E+01 -.20166E+04 0.11052E+05
 0.73800E+03 0.40000E+01 -.19749E+04 0.10525E+05
 0.73900E+03 0.40000E+01 -.19202E+04 0.10027E+05
 0.74000E+03 0.40000E+01 -.18638E+04 0.95568E+04
 0.74100E+03 0.40000E+01 -.18147E+04 0.91120E+04
 0.74200E+03 0.40000E+01 -.17812E+04 0.86880E+04
 0.74300E+03 0.40000E+01 -.17710E+04 0.82784E+04
 0.74400E+03 0.40000E+01 -.17900E+04 0.78748E+04
 0.74500E+03 0.40000E+01 -.18442E+04 0.74669E+04
 0.74600E+03 0.40000E+01 -.19370E+04 0.70393E+04
 0.74700E+03 0.40000E+01 -.20664E+04 0.65726E+04
 0.74800E+03 0.40000E+01 -.22204E+04 0.60448E+04
 0.74900E+03 0.40000E+01 -.23745E+04 0.54414E+04
 0.75000E+03 0.40000E+01 -.24874E+04 0.47582E+04
 0.60000E+03 0.50000E+01 0.00000E+00 0.00000E+00
 0.60100E+03 0.50000E+01 0.00000E+00 0.00000E+00
 0.60200E+03 0.50000E+01 0.00000E+00 0.00000E+00
 0.60300E+03 0.50000E+01 0.00000E+00 0.00000E+00
 0.60400E+03 0.50000E+01 0.00000E+00 0.00000E+00
 0.60500E+03 0.50000E+01 0.00000E+00 0.00000E+00
 0.60600E+03 0.50000E+01 0.00000E+00 0.00000E+00
 0.60700E+03 0.50000E+01 0.31280E+01 0.36535E+03
 0.60800E+03 0.50000E+01 0.67987E+01 0.36635E+03
 0.60900E+03 0.50000E+01 0.10433E+02 0.36805E+03
 0.61000E+03 0.50000E+01 0.14278E+02 0.37040E+03
 0.61100E+03 0.50000E+01 0.18269E+02 0.37360E+03
 0.61200E+03 0.50000E+01 0.22092E+02 0.37758E+03
 0.61300E+03 0.50000E+01 0.25985E+02 0.38220E+03
 0.61400E+03 0.50000E+01 0.30300E+02 0.38762E+03
 0.61500E+03 0.50000E+01 0.34421E+02 0.39400E+03
 0.61600E+03 0.50000E+01 0.38627E+02 0.40111E+03
 0.61700E+03 0.50000E+01 0.43015E+02 0.40899E+03
 0.61800E+03 0.50000E+01 0.47808E+02 0.41782E+03
 0.61900E+03 0.50000E+01 0.52482E+02 0.42764E+03
 0.62000E+03 0.50000E+01 0.57318E+02 0.43827E+03
 0.62100E+03 0.50000E+01 0.62524E+02 0.44980E+03
 0.62200E+03 0.50000E+01 0.67925E+02 0.46256E+03
 0.62300E+03 0.50000E+01 0.73432E+02 0.47634E+03
 0.62400E+03 0.50000E+01 0.79173E+02 0.49108E+03
 0.62500E+03 0.50000E+01 0.85478E+02 0.50696E+03
 0.62600E+03 0.50000E+01 0.91822E+02 0.52435E+03
 0.62700E+03 0.50000E+01 0.98476E+02 0.54285E+03
 0.62800E+03 0.50000E+01 0.10545E+03 0.56250E+03
 0.62900E+03 0.50000E+01 0.11305E+03 0.58372E+03
 0.63000E+03 0.50000E+01 0.12084E+03 0.60660E+03
 0.63100E+03 0.50000E+01 0.12900E+03 0.63084E+03
 0.63200E+03 0.50000E+01 0.13757E+03 0.65650E+03
 0.63300E+03 0.50000E+01 0.14687E+03 0.68432E+03
 0.63400E+03 0.50000E+01 0.15654E+03 0.71395E+03
 0.63500E+03 0.50000E+01 0.16671E+03 0.74525E+03
 0.63600E+03 0.50000E+01 0.17735E+03 0.77832E+03
 0.63700E+03 0.50000E+01 0.18878E+03 0.81425E+03
 0.63800E+03 0.50000E+01 0.20079E+03 0.85217E+03
 0.63900E+03 0.50000E+01 0.21344E+03 0.89216E+03
 0.64000E+03 0.50000E+01 0.22656E+03 0.93477E+03
 0.64100E+03 0.50000E+01 0.24077E+03 0.98054E+03
 0.64200E+03 0.50000E+01 0.25573E+03 0.10288E+04
 0.64300E+03 0.50000E+01 0.27146E+03 0.10796E+04
 0.64400E+03 0.50000E+01 0.28753E+03 0.11341E+04
 0.64500E+03 0.50000E+01 0.30517E+03 0.11922E+04
 0.64600E+03 0.50000E+01 0.32372E+03 0.12533E+04
 0.64700E+03 0.50000E+01 0.34311E+03 0.13176E+04
 0.64800E+03 0.50000E+01 0.36279E+03 0.13868E+04
 0.64900E+03 0.50000E+01 0.38458E+03 0.14600E+04
 0.65000E+03 0.50000E+01 0.40744E+03 0.15369E+04
 0.65100E+03 0.50000E+01 0.43066E+03 0.16182E+04
 0.65200E+03 0.50000E+01 0.45510E+03 0.17051E+04
 0.65300E+03 0.50000E+01 0.48184E+03 0.17968E+04
 0.65400E+03 0.50000E+01 0.50989E+03 0.18930E+04
 0.65500E+03 0.50000E+01 0.53766E+03 0.19952E+04
 0.65600E+03 0.50000E+01 0.56796E+03 0.21035E+04
 0.65700E+03 0.50000E+01 0.60075E+03 0.22175E+04
 0.65800E+03 0.50000E+01 0.63503E+03 0.23371E+04
 0.65900E+03 0.50000E+01 0.66872E+03 0.24645E+04
 0.66000E+03 0.50000E+01 0.70654E+03 0.25989E+04
 0.66100E+03 0.50000E+01 0.74739E+03 0.27400E+04
 0.66200E+03 0.50000E+01 0.78940E+03 0.28889E+04
 0.66300E+03 0.50000E+01 0.83205E+03 0.30466E+04
 0.66400E+03 0.50000E+01 0.88044E+03 0.32129E+04
 0.66500E+03 0.50000E+01 0.93298E+03 0.33875E+04
 0.66600E+03 0.50000E+01 0.98637E+03 0.35732E+04
 0.66700E+03 0.50000E+01 0.10423E+04 0.37692E+04
 0.66800E+03 0.50000E+01 0.11068E+04 0.39763E+04
 0.66900E+03 0.50000E+01 0.11770E+04 0.41947E+04
 0.67000E+03 0.50000E+01 0.12481E+04 0.44290E+04
 0.67100E+03 0.50000E+01 0.13245E+04 0.46761E+04
 0.67200E+03 0.50000E+01 0.14122E+04 0.49387E+04
 0.67300E+03 0.50000E+01 0.15066E+04 0.52192E+04
 0.67400E+03 0.50000E+01 0.16034E+04 0.55208E+04
 0.67500E+03 0.50000E+01 0.17064E+04 0.58409E+04
 0.67600E+03 0.50000E+01 0.18215E+04 0.61834E+04
 0.67700E+03 0.50000E+01 0.19417E+04 0.65536E+04
 0.67800E+03 0.50000E+01 0.20619E+04 0.69509E+04
 0.67900E+03 0.50000E+01 0.21846E+04 0.73733E+04
 0.68000E+03 0.50000E+01 0.23107E+04 0.78241E+04
 0.68100E+03 0.50000E+01 0.24370E+04 0.83095E+04
 0.68200E+03 0.50000E+01 0.25524E+04 0.88252E+04
 0.68300E+03 0.50000E+01 0.26598E+04 0.93687E+04
 0.68400E+03 0.50000E+01 0.27558E+04 0.99403E+04
 0.68500E+03 0.50000E+01 0.28382E+04 0.10548E+05
 0.68600E+03 0.50000E+01 0.28897E+04 0.11199E+05
 0.68700E+03 0.50000E+01 0.28870E+04 0.11884E+05
 0.68800E+03 0.50000E+01 0.28074E+04 0.12594E+05
 0.68900E+03 0.50000E+01 0.26230E+04 0.13302E+05
 0.69000E+03 0.50000E+01 0.23136E+04 0.13967E+05
 0.69100E+03 0.50000E+01 0.18402E+04 0.14504E+05
 0.69200E+03 0.50000E+01 0.13252E+04 0.14834E+05
 0.69300E+03 0.50000E+01 0.88997E+03 0.14975E+05
 0.69400E+03 0.50000E+01 0.52651E+03 0.15012E+05
 0.69500E+03 0.50000E+01 0.23901E+03 0.14966E+05
 0.69600E+03 0.50000E+01 0.39351E+02 0.14864E+05
 0.69700E+03 0.50000E+01 -.62682E+02 0.14732E+05
 0.69800E+03 0.50000E+01 -.89109E+02 0.14626E+05
 0.69900E+03 0.50000E+01 -.77372E+02 0.14562E+05
 0.70000E+03 0.50000E+01 -.58226E+02 0.14530E+05
 0.70100E+03 0.50000E+01 -.41517E+02 0.14515E+05
 0.70200E+03 0.50000E+01 -.28152E+02 0.14508E+05
 0.70300E+03 0.50000E+01 -.18215E+02 0.14505E+05
 0.70400E+03 0.50000E+01 -.11417E+02 0.14504E+05
 0.70500E+03 0.50000E+01 -.67074E+01 0.14505E+05
 0.70600E+03 0.50000E+01 -.35077E+01 0.14506E+05
 0.70700E+03 0.50000E+01 -.13714E+01 0.14507E+05
 0.70800E+03 0.50000E+01 0.43736E-01 0.14508E+05
 0.70900E+03 0.50000E+01 0.92087E+00 0.14509E+05
 0.71000E+03 0.50000E+01 0.14779E+01 0.14509E+05
 0.71100E+03 0.50000E+01 0.18320E+01 0.14510E+05
 0.71200E+03 0.50000E+01 0.20727E+01 0.14511E+05
 0.71300E+03 0.50000E+01 0.22317E+01 0.14511E+05
 0.71400E+03 0.50000E+01 0.24346E+01 0.14512E+05
 0.71500E+03 0.50000E+01 0.27096E+01 0.14512E+05
 0.71600E+03 0.50000E+01 0.31514E+01 0.14512E+05
 0.71700E+03 0.50000E+01 0.39054E+01 0.14513E+05
 0.71800E+03 0.50000E+01 0.50588E+01 0.14513E+05
 0.71900E+03 0.50000E+01 0.68195E+01 0.14515E+05
 0.72000E+03 0.50000E+01 0.94333E+01 0.14517E+05
 0.72100E+03 0.50000E+01 0.13057E+02 0.14522E+05
 0.72200E+03 0.50000E+01 0.17438E+02 0.14532E+05
 0.72300E+03 0.50000E+01 0.20962E+02 0.14551E+05
 0.72400E+03 0.50000E+01 0.18194E+02 0.14586E+05
 0.72500E+03 0.50000E+01 -.46702E+01 0.14646E+05
 0.72600E+03 0.50000E+01 -.73454E+02 0.14730E+05
 0.72700E+03 0.50000E+01 -.21131E+03 0.14799E+05
 0.72800E+03 0.50000E+01 -.42505E+03 0.14847E+05
 0.72900E+03 0.50000E+01 -.71050E+03 0.14837E+05
 0.73000E+03 0.50000E+01 -.11061E+04 0.14771E+05
 0.73100E+03 0.50000E+01 -.15457E+04 0.14548E+05
 0.73200E+03 0.50000E+01 -.19944E+04 0.14123E+05
 0.73300E+03 0.50000E+01 -.23261E+04 0.13525E+05
 0.73400E+03 0.50000E+01 -.25185E+04 0.12904E+05
 0.73500E+03 0.50000E+01 -.26147E+04 0.12237E+05
 0.73600E+03 0.50000E+01 -.26226E+04 0.11600E+05
 0.73700E+03 0.50000E+01 -.25750E+04 0.11006E+05
 0.73800E+03 0.50000E+01 -.24971E+04 0.10460E+05
 0.73900E+03 0.50000E+01 -.24070E+04 0.99541E+04
 0.74000E+03 0.50000E+01 -.23184E+04 0.94881E+04
 0.74100E+03 0.50000E+01 -.22412E+04 0.90572E+04
 0.74200E+03 0.50000E+01 -.21856E+04 0.86555E+04
 0.74300E+03 0.50000E+01 -.21606E+04 0.82764E+04
 0.74400E+03 0.50000E+01 -.21754E+04 0.79108E+04
 0.74500E+03 0.50000E+01 -.22389E+04 0.75468E+04
 0.74600E+03 0.50000E+01 -.23590E+04 0.71671E+04
 0.74700E+03 0.50000E+01 -.25418E+04 0.67486E+04
 0.74800E+03 0.50000E+01 -.27890E+04 0.62597E+04
 0.74900E+03 0.50000E+01 -.30638E+04 0.56355E+04
 0.75000E+03 0.50000E+01 -.32810E+04 0.48669E+04
 0.60000E+03 0.60000E+01 0.00000E+00 0.00000E+00
 0.60100E+03 0.60000E+01 0.00000E+00 0.00000E+00
 0.60200E+03 0.60000E+01 0.00000E+00 0.00000E+00
 0.60300E+03 0.60000E+01 0.00000E+00 0.00000E+00
 0.60400E+03 0.60000E+01 0.00000E+00 0.00000E+00
 0.60500E+03 0.60000E+01 0.00000E+00 0.00000E+00
 0.60600E+03 0.60000E+01 0.00000E+00 0.00000E+00
 0.60700E+03 0.60000E+01 0.34768E+01 0.36126E+03
 0.60800E+03 0.60000E+01 0.79486E+01 0.36219E+03
 0.60900E+03 0.60000E+01 0.12629E+02 0.36383E+03
 0.61000E+03 0.60000E+01 0.17105E+02 0.36620E+03
 0.61100E+03 0.60000E+01 0.21510E+02 0.36929E+03
 0.61200E+03 0.60000E+01 0.26370E+02 0.37316E+03
 0.61300E+03 0.60000E+01 0.31252E+02 0.37770E+03
 0.61400E+03 0.60000E+01 0.35923E+02 0.38311E+03
 0.61500E+03 0.60000E+01 0.40876E+02 0.38926E+03
 0.61600E+03 0.60000E+01 0.46212E+02 0.39617E+03
 0.61700E+03 0.60000E+01 0.51451E+02 0.40402E+03
 0.61800E+03 0.60000E+01 0.56727E+02 0.41267E+03
 0.61900E+03 0.60000E+01 0.62505E+02 0.42218E+03
 0.62000E+03 0.60000E+01 0.68595E+02 0.43257E+03
 0.62100E+03 0.60000E+01 0.74530E+02 0.44408E+03
 0.62200E+03 0.60000E+01 0.80668E+02 0.45645E+03
 0.62300E+03 0.60000E+01 0.87573E+02 0.46986E+03
 0.62400E+03 0.60000E+01 0.94599E+02 0.48440E+03
 0.62500E+03 0.60000E+01 0.10169E+03 0.50014E+03
 0.62600E+03 0.60000E+01 0.10914E+03 0.51693E+03
 0.62700E+03 0.60000E+01 0.11758E+03 0.53492E+03
 0.62800E+03 0.60000E+01 0.12591E+03 0.55449E+03
 0.62900E+03 0.60000E+01 0.13454E+03 0.57532E+03
 0.63000E+03 0.60000E+01 0.14382E+03 0.59744E+03
 0.63100E+03 0.60000E+01 0.15399E+03 0.62119E+03
 0.63200E+03 0.60000E+01 0.16416E+03 0.64676E+03
 0.63300E+03 0.60000E+01 0.17485E+03 0.67380E+03
 0.63400E+03 0.60000E+01 0.18652E+03 0.70247E+03
 0.63500E+03 0.60000E+01 0.19888E+03 0.73340E+03
 0.63600E+03 0.60000E+01 0.21153E+03 0.76635E+03
 0.63700E+03 0.60000E+01 0.22483E+03 0.80111E+03
 0.63800E+03 0.60000E+01 0.23957E+03 0.83797E+03
 0.63900E+03 0.60000E+01 0.25456E+03 0.87786E+03
 0.64000E+03 0.60000E+01 0.27035E+03 0.91996E+03
 0.64100E+03 0.60000E+01 0.28695E+03 0.96430E+03
 0.64200E+03 0.60000E+01 0.30507E+03 0.10117E+04
 0.64300E+03 0.60000E+01 0.32375E+03 0.10624E+04
 0.64400E+03 0.60000E+01 0.34337E+03 0.11160E+04
 0.64500E+03 0.60000E+01 0.36399E+03 0.11722E+04
 0.64600E+03 0.60000E+01 0.38618E+03 0.12329E+04
 0.64700E+03 0.60000E+01 0.40934E+03 0.12971E+04
 0.64800E+03 0.60000E+01 0.43362E+03 0.13645E+04
 0.64900E+03 0.60000E+01 0.45885E+03 0.14356E+04
 0.65000E+03 0.60000E+01 0.48593E+03 0.15122E+04
 0.65100E+03 0.60000E+01 0.51433E+03 0.15928E+04
 0.65200E+03 0.60000E+01 0.54412E+03 0.16774E+04
 0.65300E+03 0.60000E+01 0.57469E+03 0.17672E+04
 0.65400E+03 0.60000E+01 0.60782E+03 0.18630E+04
 0.65500E+03 0.60000E+01 0.64262E+03 0.19636E+04
 0.65600E+03 0.60000E+01 0.67915E+03 0.20689E+04
 0.65700E+03 0.60000E+01 0.71597E+03 0.21816E+04
 0.65800E+03 0.60000E+01 0.75671E+03 0.23005E+04
 0.65900E+03 0.60000E+01 0.79960E+03 0.24251E+04
 0.66000E+03 0.60000E+01 0.84401E+03 0.25562E+04
 0.66100E+03 0.60000E+01 0.88970E+03 0.26957E+04
 0.66200E+03 0.60000E+01 0.94061E+03 0.28425E+04
 0.66300E+03 0.60000E+01 0.99452E+03 0.29961E+04
 0.66400E+03 0.60000E+01 0.10497E+04 0.31589E+04
 0.66500E+03 0.60000E+01 0.11085E+04 0.33311E+04
 0.66600E+03 0.60000E+01 0.11745E+04 0.35121E+04
 0.66700E+03 0.60000E+01 0.12451E+04 0.37019E+04
 0.66800E+03 0.60000E+01 0.13170E+04 0.39051E+04
 0.66900E+03 0.60000E+01 0.13959E+04 0.41193E+04
 0.67000E+03 0.60000E+01 0.14854E+04 0.43451E+04
 0.67100E+03 0.60000E+01 0.15803E+04 0.45850E+04
 0.67200E+03 0.60000E+01 0.16794E+04 0.48422E+04
 0.67300E+03 0.60000E+01 0.17877E+04 0.51148E+04
 0.67400E+03 0.60000E+01 0.19114E+04 0.54054E+04
 0.67500E+03 0.60000E+01 0.20396E+04 0.57198E+04
 0.67600E+03 0.60000E+01 0.21734E+04 0.60575E+04
 0.67700E+03 0.60000E+01 0.23144E+04 0.64177E+04
 0.67800E+03 0.60000E+01 0.24724E+04 0.68085E+04
 0.67900E+03 0.60000E+01 0.26272E+04 0.72329E+04
 0.68000E+03 0.60000E+01 0.27810E+04 0.76878E+04
 0.68100E+03 0.60000E+01 0.29336E+04 0.81724E+04
 0.68200E+03 0.60000E+01 0.30851E+04 0.86913E+04
 0.68300E+03 0.60000E+01 0.32297E+04 0.92469E+04
 0.68400E+03 0.60000E+01 0.33590E+04 0.98374E+04
 0.68500E+03 0.60000E+01 0.34751E+04 0.10466E+05
 0.68600E+03 0.60000E+01 0.35695E+04 0.11142E+05
 0.68700E+03 0.60000E+01 0.36274E+04 0.11871E+05
 0.68800E+03 0.60000E+01 0.36140E+04 0.12704E+05
 0.68900E+03 0.60000E+01 0.34308E+04 0.13625E+05
 0.69000E+03 0.60000E+01 0.29832E+04 0.14452E+05
 0.69100E+03 0.60000E+01 0.22997E+04 0.15082E+05
 0.69200E+03 0.60000E+01 0.15784E+04 0.15405E+05
 0.69300E+03 0.60000E+01 0.95375E+03 0.15466E+05
 0.69400E+03 0.60000E+01 0.47967E+03 0.15402E+05
 0.69500E+03 0.60000E+01 0.11364E+03 0.15265E+05
 0.69600E+03 0.60000E+01 -.16671E+03 0.15028E+05
 0.69700E+03 0.60000E+01 -.22008E+03 0.14745E+05
 0.69800E+03 0.60000E+01 -.18462E+03 0.14594E+05
 0.69900E+03 0.60000E+01 -.12617E+03 0.14530E+05
 0.70000E+03 0.60000E+01 -.81645E+02 0.14503E+05
 0.70100E+03 0.60000E+01 -.50738E+02 0.14495E+05
 0.70200E+03 0.60000E+01 -.30764E+02 0.14494E+05
 0.70300E+03 0.60000E+01 -.18152E+02 0.14496E+05
 0.70400E+03 0.60000E+01 -.10206E+02 0.14498E+05
 0.70500E+03 0.60000E+01 -.51850E+01 0.14501E+05
 0.70600E+03 0.60000E+01 -.20220E+01 0.14503E+05
 0.70700E+03 0.60000E+01 -.51746E-01 0.14505E+05
 0.70800E+03 0.60000E+01 0.11594E+01 0.14507E+05
 0.70900E+03 0.60000E+01 0.18790E+01 0.14508E+05
 0.71000E+03 0.60000E+01 0.22872E+01 0.14509E+05
 0.71100E+03 0.60000E+01 0.25008E+01 0.14510E+05
 0.71200E+03 0.60000E+01 0.26099E+01 0.14511E+05
 0.71300E+03 0.60000E+01 0.26701E+01 0.14511E+05
 0.71400E+03 0.60000E+01 0.27562E+01 0.14511E+05
 0.71500E+03 0.60000E+01 0.29855E+01 0.14512E+05
 0.71600E+03 0.60000E+01 0.34192E+01 0.14512E+05
 0.71700E+03 0.60000E+01 0.42053E+01 0.14512E+05
 0.71800E+03 0.60000E+01 0.55966E+01 0.14512E+05
 0.71900E+03 0.60000E+01 0.80489E+01 0.14512E+05
 0.72000E+03 0.60000E+01 0.12259E+02 0.14513E+05
 0.72100E+03 0.60000E+01 0.19391E+02 0.14515E+05
 0.72200E+03 0.60000E+01 0.31228E+02 0.14522E+05
 0.72300E+03 0.60000E+01 0.49616E+02 0.14539E+05
 0.72400E+03 0.60000E+01 0.73752E+02 0.14580E+05
 0.72500E+03 0.60000E+01 0.89924E+02 0.14666E+05
 0.72600E+03 0.60000E+01 0.53849E+02 0.14819E+05
 0.72700E+03 0.60000E+01 -.10172E+03 0.14999E+05
 0.72800E+03 0.60000E+01 -.36823E+03 0.15132E+05
 0.72900E+03 0.60000E+01 -.71842E+03 0.15202E+05
 0.73000E+03 0.60000E+01 -.11760E+04 0.15205E+05
 0.73100E+03 0.60000E+01 -.17698E+04 0.15082E+05
 0.73200E+03 0.60000E+01 -.24617E+04 0.14668E+05
 0.73300E+03 0.60000E+01 -.30157E+04 0.13926E+05
 0.73400E+03 0.60000E+01 -.32755E+04 0.13068E+05
 0.73500E+03 0.60000E+01 -.33225E+04 0.12269E+05
 0.73600E+03 0.60000E+01 -.32749E+04 0.11552E+05
 0.73700E+03 0.60000E+01 -.31672E+04 0.10916E+05
 0.73800E+03 0.60000E+01 -.30335E+04 0.10346E+05
 0.73900E+03 0.60000E+01 -.28935E+04 0.98382E+04
 0.74000E+03 0.60000E+01 -.27607E+04 0.93811E+04
 0.74100E+03 0.60000E+01 -.26451E+04 0.89687E+04
 0.74200E+03 0.60000E+01 -.25571E+04 0.85962E+04
 0.74300E+03 0.60000E+01 -.25075E+04 0.82564E+04
 0.74400E+03 0.60000E+01 -.25080E+04 0.79409E+04
 0.74500E+03 0.60000E+01 -.25719E+04 0.76368E+04
 0.74600E+03 0.60000E+01 -.27113E+04 0.73271E+04
 0.74700E+03 0.60000E+01 -.29432E+04 0.69849E+04
 0.74800E+03 0.60000E+01 -.32874E+04 0.65679E+04
 0.74900E+03 0.60000E+01 -.37502E+04 0.59796E+04
 0.75000E+03 0.60000E+01 -.42549E+04 0.51523E+04
 0.60000E+03 0.70000E+01 0.00000E+00 0.00000E+00
 0.60100E+03 0.70000E+01 0.00000E+00 0.00000E+00
 0.60200E+03 0.70000E+01 0.00000E+00 0.00000E+00
 0.60300E+03 0.70000E+01 0.00000E+00 0.00000E+00
 0.60400E+03 0.70000E+01 0.00000E+00 0.00000E+00
 0.60500E+03 0.70000E+01 0.00000E+00 0.00000E+00
 0.60600E+03 0.70000E+01 0.00000E+00 0.00000E+00
 0.60700E+03 0.70000E+01 0.41691E+01 0.35661E+03
 0.60800E+03 0.70000E+01 0.94105E+01 0.35737E+03
 0.60900E+03 0.70000E+01 0.14443E+02 0.35900E+03
 0.61000E+03 0.70000E+01 0.19779E+02 0.36139E+03
 0.61100E+03 0.70000E+01 0.25194E+02 0.36436E+03
 0.61200E+03 0.70000E+01 0.30497E+02 0.36807E+03
 0.61300E+03 0.70000E+01 0.35976E+02 0.37263E+03
 0.61400E+03 0.70000E+01 0.41712E+02 0.37786E+03
 0.61500E+03 0.70000E+01 0.47595E+02 0.38375E+03
 0.61600E+03 0.70000E+01 0.53223E+02 0.39060E+03
 0.61700E+03 0.70000E+01 0.59491E+02 0.39827E+03
 0.61800E+03 0.70000E+01 0.65952E+02 0.40665E+03
 0.61900E+03 0.70000E+01 0.72440E+02 0.41594E+03
 0.62000E+03 0.70000E+01 0.79066E+02 0.42622E+03
 0.62100E+03 0.70000E+01 0.86306E+02 0.43737E+03
 0.62200E+03 0.70000E+01 0.93849E+02 0.44933E+03
 0.62300E+03 0.70000E+01 0.10126E+03 0.46256E+03
 0.62400E+03 0.70000E+01 0.10924E+03 0.47679E+03
 0.62500E+03 0.70000E+01 0.11789E+03 0.49202E+03
 0.62600E+03 0.70000E+01 0.12676E+03 0.50841E+03
 0.62700E+03 0.70000E+01 0.13570E+03 0.52619E+03
 0.62800E+03 0.70000E+01 0.14556E+03 0.54515E+03
 0.62900E+03 0.70000E+01 0.15610E+03 0.56528E+03
 0.63000E+03 0.70000E+01 0.16672E+03 0.58711E+03
 0.63100E+03 0.70000E+01 0.17770E+03 0.61039E+03
 0.63200E+03 0.70000E+01 0.18998E+03 0.63511E+03
 0.63300E+03 0.70000E+01 0.20294E+03 0.66139E+03
 0.63400E+03 0.70000E+01 0.21593E+03 0.68979E+03
 0.63500E+03 0.70000E+01 0.22962E+03 0.71983E+03
 0.63600E+03 0.70000E+01 0.24505E+03 0.75171E+03
 0.63700E+03 0.70000E+01 0.26082E+03 0.78586E+03
 0.63800E+03 0.70000E+01 0.27703E+03 0.82230E+03
 0.63900E+03 0.70000E+01 0.29428E+03 0.86076E+03
 0.64000E+03 0.70000E+01 0.31352E+03 0.90154E+03
 0.64100E+03 0.70000E+01 0.33276E+03 0.94558E+03
 0.64200E+03 0.70000E+01 0.35294E+03 0.99196E+03
 0.64300E+03 0.70000E+01 0.37469E+03 0.10410E+04
 0.64400E+03 0.70000E+01 0.39816E+03 0.10933E+04
 0.64500E+03 0.70000E+01 0.42205E+03 0.11493E+04
 0.64600E+03 0.70000E+01 0.44709E+03 0.12082E+04
 0.64700E+03 0.70000E+01 0.47434E+03 0.12704E+04
 0.64800E+03 0.70000E+01 0.50273E+03 0.13372E+04
 0.64900E+03 0.70000E+01 0.53219E+03 0.14078E+04
 0.65000E+03 0.70000E+01 0.56305E+03 0.14820E+04
 0.65100E+03 0.70000E+01 0.59637E+03 0.15607E+04
 0.65200E+03 0.70000E+01 0.63088E+03 0.16450E+04
 0.65300E+03 0.70000E+01 0.66701E+03 0.17336E+04
 0.65400E+03 0.70000E+01 0.70481E+03 0.18265E+04
 0.65500E+03 0.70000E+01 0.74499E+03 0.19257E+04
 0.65600E+03 0.70000E+01 0.78715E+03 0.20305E+04
 0.65700E+03 0.70000E+01 0.83131E+03 0.21403E+04
 0.65800E+03 0.70000E+01 0.87735E+03 0.22554E+04
 0.65900E+03 0.70000E+01 0.92603E+03 0.23790E+04
 0.66000E+03 0.70000E+01 0.97794E+03 0.25084E+04
 0.66100E+03 0.70000E+01 0.10325E+04 0.26438E+04
 0.66200E+03 0.70000E+01 0.10887E+04 0.27868E+04
 0.66300E+03 0.70000E+01 0.11499E+04 0.29387E+04
 0.66400E+03 0.70000E+01 0.12156E+04 0.30974E+04
 0.66500E+03 0.70000E+01 0.12852E+04 0.32632E+04
 0.66600E+03 0.70000E+01 0.13563E+04 0.34406E+04
 0.66700E+03 0.70000E+01 0.14364E+04 0.36269E+04
 0.66800E+03 0.70000E+01 0.15233E+04 0.38222E+04
 0.66900E+03 0.70000E+01 0.16153E+04 0.40284E+04
 0.67000E+03 0.70000E+01 0.17117E+04 0.42487E+04
 0.67100E+03 0.70000E+01 0.18215E+04 0.44811E+04
 0.67200E+03 0.70000E+01 0.19421E+04 0.47260E+04
 0.67300E+03 0.70000E+01 0.20689E+04 0.49904E+04
 0.67400E+03 0.70000E+01 0.22039E+04 0.52730E+04
 0.67500E+03 0.70000E+01 0.23560E+04 0.55750E+04
 0.67600E+03 0.70000E+01 0.25234E+04 0.58996E+04
 0.67700E+03 0.70000E+01 0.26933E+04 0.62570E+04
 0.67800E+03 0.70000E+01 0.28714E+04 0.66410E+04
 0.67900E+03 0.70000E+01 0.30598E+04 0.70563E+04
 0.68000E+03 0.70000E+01 0.32585E+04 0.75112E+04
 0.68100E+03 0.70000E+01 0.34444E+04 0.80052E+04
 0.68200E+03 0.70000E+01 0.36257E+04 0.85319E+04
 0.68300E+03 0.70000E+01 0.38001E+04 0.90915E+04
 0.68400E+03 0.70000E+01 0.39686E+04 0.96870E+04
 0.68500E+03 0.70000E+01 0.41401E+04 0.10326E+05
 0.68600E+03 0.70000E+01 0.43034E+04 0.11026E+05
 0.68700E+03 0.70000E+01 0.44558E+04 0.11819E+05
 0.68800E+03 0.70000E+01 0.45416E+04 0.12746E+05
 0.68900E+03 0.70000E+01 0.44572E+04 0.13863E+05
 0.69000E+03 0.70000E+01 0.40457E+04 0.15059E+05
 0.69100E+03 0.70000E+01 0.28813E+04 0.16158E+05
 0.69200E+03 0.70000E+01 0.16127E+04 0.16281E+05
 0.69300E+03 0.70000E+01 0.81265E+03 0.16022E+05
 0.69400E+03 0.70000E+01 0.31922E+03 0.15814E+05
 0.69500E+03 0.70000E+01 -.12654E+03 0.15650E+05
 0.69600E+03 0.70000E+01 -.61001E+03 0.15242E+05
 0.69700E+03 0.70000E+01 -.47443E+03 0.14599E+05
 0.69800E+03 0.70000E+01 -.31531E+03 0.14494E+05
 0.69900E+03 0.70000E+01 -.17226E+03 0.14458E+05
 0.70000E+03 0.70000E+01 -.90903E+02 0.14457E+05
 0.70100E+03 0.70000E+01 -.48470E+02 0.14467E+05
 0.70200E+03 0.70000E+01 -.25753E+02 0.14478E+05
 0.70300E+03 0.70000E+01 -.13221E+02 0.14486E+05
 0.70400E+03 0.70000E+01 -.60406E+01 0.14492E+05
 0.70500E+03 0.70000E+01 -.18551E+01 0.14497E+05
 0.70600E+03 0.70000E+01 0.59772E+00 0.14501E+05
 0.70700E+03 0.70000E+01 0.20324E+01 0.14504E+05
 0.70800E+03 0.70000E+01 0.28159E+01 0.14506E+05
 0.70900E+03 0.70000E+01 0.31972E+01 0.14508E+05
 0.71000E+03 0.70000E+01 0.33292E+01 0.14509E+05
 0.71100E+03 0.70000E+01 0.32998E+01 0.14510E+05
 0.71200E+03 0.70000E+01 0.31969E+01 0.14511E+05
 0.71300E+03 0.70000E+01 0.30950E+01 0.14511E+05
 0.71400E+03 0.70000E+01 0.30228E+01 0.14511E+05
 0.71500E+03 0.70000E+01 0.30106E+01 0.14511E+05
 0.71600E+03 0.70000E+01 0.32219E+01 0.14511E+05
 0.71700E+03 0.70000E+01 0.38061E+01 0.14511E+05
 0.71800E+03 0.70000E+01 0.50334E+01 0.14510E+05
 0.71900E+03 0.70000E+01 0.74174E+01 0.14508E+05
 0.72000E+03 0.70000E+01 0.11988E+02 0.14506E+05
 0.72100E+03 0.70000E+01 0.20864E+02 0.14503E+05
 0.72200E+03 0.70000E+01 0.38335E+02 0.14501E+05
 0.72300E+03 0.70000E+01 0.73364E+02 0.14502E+05
 0.72400E+03 0.70000E+01 0.14298E+03 0.14522E+05
 0.72500E+03 0.70000E+01 0.24740E+03 0.14614E+05
 0.72600E+03 0.70000E+01 0.31734E+03 0.14890E+05
 0.72700E+03 0.70000E+01 0.12612E+03 0.15252E+05
 0.72800E+03 0.70000E+01 -.22048E+03 0.15489E+05
 0.72900E+03 0.70000E+01 -.61636E+03 0.15663E+05
 0.73000E+03 0.70000E+01 -.11694E+04 0.15871E+05
 0.73100E+03 0.70000E+01 -.21011E+04 0.16029E+05
 0.73200E+03 0.70000E+01 -.33885E+04 0.15481E+05
 0.73300E+03 0.70000E+01 -.39844E+04 0.14176E+05
 0.73400E+03 0.70000E+01 -.41689E+04 0.13099E+05
 0.73500E+03 0.70000E+01 -.41672E+04 0.12212E+05
 0.73600E+03 0.70000E+01 -.39937E+04 0.11420E+05
 0.73700E+03 0.70000E+01 -.37851E+04 0.10745E+05
 0.73800E+03 0.70000E+01 -.35713E+04 0.10170E+05
 0.73900E+03 0.70000E+01 -.33636E+04 0.96690E+04
 0.74000E+03 0.70000E+01 -.31757E+04 0.92309E+04
 0.74100E+03 0.70000E+01 -.30130E+04 0.88469E+04
 0.74200E+03 0.70000E+01 -.28833E+04 0.85135E+04
 0.74300E+03 0.70000E+01 -.27986E+04 0.82253E+04
 0.74400E+03 0.70000E+01 -.27729E+04 0.79761E+04
 0.74500E+03 0.70000E+01 -.28238E+04 0.77554E+04
 0.74600E+03 0.70000E+01 -.29747E+04 0.75449E+04
 0.74700E+03 0.70000E+01 -.32508E+04 0.73249E+04
 0.74800E+03 0.70000E+01 -.36978E+04 0.70596E+04
 0.74900E+03 0.70000E+01 -.44311E+04 0.66350E+04
 0.75000E+03 0.70000E+01 -.53021E+04 0.59607E+04
 0.60000E+03 0.80000E+01 0.00000E+00 0.00000E+00
 0.60100E+03 0.80000E+01 0.00000E+00 0.00000E+00
 0.60200E+03 0.80000E+01 0.00000E+00 0.00000E+00
 0.60300E+03 0.80000E+01 0.00000E+00 0.00000E+00
 0.60400E+03 0.80000E+01 0.00000E+00 0.00000E+00
 0.60500E+03 0.80000E+01 0.00000E+00 0.00000E+00
 0.60600E+03 0.80000E+01 0.00000E+00 0.00000E+00
 0.60700E+03 0.80000E+01 0.47611E+01 0.35098E+03
 0.60800E+03 0.80000E+01 0.10579E+02 0.35195E+03
 0.60900E+03 0.80000E+01 0.16456E+02 0.35354E+03
 0.61000E+03 0.80000E+01 0.22388E+02 0.35570E+03
 0.61100E+03 0.80000E+01 0.28496E+02 0.35875E+03
 0.61200E+03 0.80000E+01 0.34628E+02 0.36248E+03
 0.61300E+03 0.80000E+01 0.40863E+02 0.36680E+03
 0.61400E+03 0.80000E+01 0.47215E+02 0.37182E+03
 0.61500E+03 0.80000E+01 0.53796E+02 0.37777E+03
 0.61600E+03 0.80000E+01 0.60557E+02 0.38438E+03
 0.61700E+03 0.80000E+01 0.67504E+02 0.39165E+03
 0.61800E+03 0.80000E+01 0.74604E+02 0.39993E+03
 0.61900E+03 0.80000E+01 0.82086E+02 0.40905E+03
 0.62000E+03 0.80000E+01 0.89829E+02 0.41892E+03
 0.62100E+03 0.80000E+01 0.97712E+02 0.42966E+03
 0.62200E+03 0.80000E+01 0.10609E+03 0.44157E+03
 0.62300E+03 0.80000E+01 0.11488E+03 0.45435E+03
 0.62400E+03 0.80000E+01 0.12404E+03 0.46798E+03
 0.62500E+03 0.80000E+01 0.13331E+03 0.48290E+03
 0.62600E+03 0.80000E+01 0.14345E+03 0.49901E+03
 0.62700E+03 0.80000E+01 0.15408E+03 0.51613E+03
 0.62800E+03 0.80000E+01 0.16509E+03 0.53441E+03
 0.62900E+03 0.80000E+01 0.17639E+03 0.55429E+03
 0.63000E+03 0.80000E+01 0.18883E+03 0.57546E+03
 0.63100E+03 0.80000E+01 0.20190E+03 0.59785E+03
 0.63200E+03 0.80000E+01 0.21519E+03 0.62199E+03
 0.63300E+03 0.80000E+01 0.22937E+03 0.64782E+03
 0.63400E+03 0.80000E+01 0.24481E+03 0.67518E+03
 0.63500E+03 0.80000E+01 0.26094E+03 0.70416E+03
 0.63600E+03 0.80000E+01 0.27724E+03 0.73557E+03
 0.63700E+03 0.80000E+01 0.29508E+03 0.76880E+03
 0.63800E+03 0.80000E+01 0.31433E+03 0.80387E+03
 0.63900E+03 0.80000E+01 0.33408E+03 0.84146E+03
 0.64000E+03 0.80000E+01 0.35439E+03 0.88160E+03
 0.64100E+03 0.80000E+01 0.37686E+03 0.92405E+03
 0.64200E+03 0.80000E+01 0.40089E+03 0.96882E+03
 0.64300E+03 0.80000E+01 0.42502E+03 0.10172E+04
 0.64400E+03 0.80000E+01 0.45032E+03 0.10683E+04
 0.64500E+03 0.80000E+01 0.47856E+03 0.11223E+04
 0.64600E+03 0.80000E+01 0.50779E+03 0.11798E+04
 0.64700E+03 0.80000E+01 0.53771E+03 0.12412E+04
 0.64800E+03 0.80000E+01 0.56915E+03 0.13058E+04
 0.64900E+03 0.80000E+01 0.60418E+03 0.13741E+04
 0.65000E+03 0.80000E+01 0.63942E+03 0.14477E+04
 0.65100E+03 0.80000E+01 0.67618E+03 0.15250E+04
 0.65200E+03 0.80000E+01 0.71510E+03 0.16062E+04
 0.65300E+03 0.80000E+01 0.75731E+03 0.16929E+04
 0.65400E+03 0.80000E+01 0.80022E+03 0.17850E+04
 0.65500E+03 0.80000E+01 0.84512E+03 0.18816E+04
 0.65600E+03 0.80000E+01 0.89290E+03 0.19830E+04
 0.65700E+03 0.80000E+01 0.94332E+03 0.20919E+04
 0.65800E+03 0.80000E+01 0.99581E+03 0.22061E+04
 0.65900E+03 0.80000E+01 0.10508E+04 0.23257E+04
 0.66000E+03 0.80000E+01 0.11088E+04 0.24518E+04
 0.66100E+03 0.80000E+01 0.11704E+04 0.25856E+04
 0.66200E+03 0.80000E+01 0.12353E+04 0.27254E+04
 0.66300E+03 0.80000E+01 0.13037E+04 0.28713E+04
 0.66400E+03 0.80000E+01 0.13755E+04 0.30266E+04
 0.66500E+03 0.80000E+01 0.14537E+04 0.31898E+04
 0.66600E+03 0.80000E+01 0.15368E+04 0.33600E+04
 0.66700E+03 0.80000E+01 0.16249E+04 0.35387E+04
 0.66800E+03 0.80000E+01 0.17188E+04 0.37293E+04
 0.66900E+03 0.80000E+01 0.18236E+04 0.39286E+04
 0.67000E+03 0.80000E+01 0.19365E+04 0.41370E+04
 0.67100E+03 0.80000E+01 0.20563E+04 0.43604E+04
 0.67200E+03 0.80000E+01 0.21867E+04 0.45978E+04
 0.67300E+03 0.80000E+01 0.23346E+04 0.48482E+04
 0.67400E+03 0.80000E+01 0.24957E+04 0.51149E+04
 0.67500E+03 0.80000E+01 0.26650E+04 0.54074E+04
 0.67600E+03 0.80000E+01 0.28482E+04 0.57205E+04
 0.67700E+03 0.80000E+01 0.30572E+04 0.60612E+04
 0.67800E+03 0.80000E+01 0.32758E+04 0.64367E+04
 0.67900E+03 0.80000E+01 0.34971E+04 0.68506E+04
 0.68000E+03 0.80000E+01 0.37238E+04 0.73003E+04
 0.68100E+03 0.80000E+01 0.39568E+04 0.77947E+04
 0.68200E+03 0.80000E+01 0.41799E+04 0.83336E+04
 0.68300E+03 0.80000E+01 0.43862E+04 0.89054E+04
 0.68400E+03 0.80000E+01 0.45884E+04 0.95055E+04
 0.68500E+03 0.80000E+01 0.47949E+04 0.10138E+05
 0.68600E+03 0.80000E+01 0.50182E+04 0.10818E+05
 0.68700E+03 0.80000E+01 0.52889E+04 0.11591E+05
 0.68800E+03 0.80000E+01 0.56444E+04 0.12546E+05
 0.68900E+03 0.80000E+01 0.60206E+04 0.13933E+05
 0.69000E+03 0.80000E+01 0.59246E+04 0.16228E+05
 0.69100E+03 0.80000E+01 0.32970E+04 0.18212E+05
 0.69200E+03 0.80000E+01 0.10234E+04 0.17270E+05
 0.69300E+03 0.80000E+01 0.44757E+03 0.16513E+05
 0.69400E+03 0.80000E+01 0.14393E+03 0.16236E+05
 0.69500E+03 0.80000E+01 -.43145E+03 0.16356E+05
 0.69600E+03 0.80000E+01 -.14632E+04 0.15558E+05
 0.69700E+03 0.80000E+01 -.10189E+04 0.14374E+05
 0.69800E+03 0.80000E+01 -.37067E+03 0.14238E+05
 0.69900E+03 0.80000E+01 -.13729E+03 0.14332E+05
 0.70000E+03 0.80000E+01 -.58805E+02 0.14398E+05
 0.70100E+03 0.80000E+01 -.25825E+02 0.14438E+05
 0.70200E+03 0.80000E+01 -.10471E+02 0.14463E+05
 0.70300E+03 0.80000E+01 -.28094E+01 0.14479E+05
 0.70400E+03 0.80000E+01 0.11899E+01 0.14488E+05
 0.70500E+03 0.80000E+01 0.32817E+01 0.14495E+05
 0.70600E+03 0.80000E+01 0.43206E+01 0.14500E+05
 0.70700E+03 0.80000E+01 0.47675E+01 0.14503E+05
 0.70800E+03 0.80000E+01 0.48630E+01 0.14506E+05
 0.70900E+03 0.80000E+01 0.47313E+01 0.14508E+05
 0.71000E+03 0.80000E+01 0.44815E+01 0.14509E+05
 0.71100E+03 0.80000E+01 0.41583E+01 0.14510E+05
 0.71200E+03 0.80000E+01 0.38150E+01 0.14511E+05
 0.71300E+03 0.80000E+01 0.34448E+01 0.14511E+05
 0.71400E+03 0.80000E+01 0.31146E+01 0.14512E+05
 0.71500E+03 0.80000E+01 0.28256E+01 0.14511E+05
 0.71600E+03 0.80000E+01 0.26639E+01 0.14511E+05
 0.71700E+03 0.80000E+01 0.27511E+01 0.14510E+05
 0.71800E+03 0.80000E+01 0.32127E+01 0.14509E+05
 0.71900E+03 0.80000E+01 0.44761E+01 0.14506E+05
 0.72000E+03 0.80000E+01 0.72003E+01 0.14501E+05
 0.72100E+03 0.80000E+01 0.13083E+02 0.14492E+05
 0.72200E+03 0.80000E+01 0.26253E+02 0.14478E+05
 0.72300E+03 0.80000E+01 0.57660E+02 0.14449E+05
 0.72400E+03 0.80000E+01 0.14018E+03 0.14394E+05
 0.72500E+03 0.80000E+01 0.43799E+03 0.14343E+05
 0.72600E+03 0.80000E+01 0.90658E+03 0.14818E+05
 0.72700E+03 0.80000E+01 0.65574E+03 0.15553E+05
 0.72800E+03 0.80000E+01 0.81151E+02 0.15957E+05
 0.72900E+03 0.80000E+01 -.43597E+03 0.16056E+05
 0.73000E+03 0.80000E+01 -.88007E+03 0.16486E+05
 0.73100E+03 0.80000E+01 -.19550E+04 0.17210E+05
 0.73200E+03 0.80000E+01 -.40219E+04 0.17103E+05
 0.73300E+03 0.80000E+01 -.55673E+04 0.15207E+05
 0.73400E+03 0.80000E+01 -.55335E+04 0.13170E+05
 0.73500E+03 0.80000E+01 -.51073E+04 0.11987E+05
 0.73600E+03 0.80000E+01 -.47232E+04 0.11141E+05
 0.73700E+03 0.80000E+01 -.43854E+04 0.10484E+05
 0.73800E+03 0.80000E+01 -.40925E+04 0.99304E+04
 0.73900E+03 0.80000E+01 -.38245E+04 0.94487E+04
 0.74000E+03 0.80000E+01 -.35792E+04 0.90307E+04
 0.74100E+03 0.80000E+01 -.33599E+04 0.86743E+04
 0.74200E+03 0.80000E+01 -.31765E+04 0.83800E+04
 0.74300E+03 0.80000E+01 -.30425E+04 0.81453E+04
 0.74400E+03 0.80000E+01 -.29751E+04 0.79659E+04
 0.74500E+03 0.80000E+01 -.29925E+04 0.78349E+04
 0.74600E+03 0.80000E+01 -.31186E+04 0.77447E+04
 0.74700E+03 0.80000E+01 -.33840E+04 0.76868E+04
 0.74800E+03 0.80000E+01 -.38429E+04 0.76565E+04
 0.74900E+03 0.80000E+01 -.46659E+04 0.75992E+04
 0.75000E+03 0.80000E+01 -.58153E+04 0.73445E+04
 0.60000E+03 0.90000E+01 0.00000E+00 0.00000E+00
 0.60100E+03 0.90000E+01 0.00000E+00 0.00000E+00
 0.60200E+03 0.90000E+01 0.00000E+00 0.00000E+00
 0.60300E+03 0.90000E+01 0.00000E+00 0.00000E+00
 0.60400E+03 0.90000E+01 0.00000E+00 0.00000E+00
 0.60500E+03 0.90000E+01 0.00000E+00 0.00000E+00
 0.60600E+03 0.90000E+01 0.00000E+00 0.00000E+00
 0.60700E+03 0.90000E+01 0.51701E+01 0.34480E+03
 0.60800E+03 0.90000E+01 0.11624E+02 0.34557E+03
 0.60900E+03 0.90000E+01 0.18468E+02 0.34709E+03
 0.61000E+03 0.90000E+01 0.25005E+02 0.34935E+03
 0.61100E+03 0.90000E+01 0.31626E+02 0.35220E+03
 0.61200E+03 0.90000E+01 0.38543E+02 0.35569E+03
 0.61300E+03 0.90000E+01 0.45571E+02 0.35998E+03
 0.61400E+03 0.90000E+01 0.52594E+02 0.36496E+03
 0.61500E+03 0.90000E+01 0.59794E+02 0.37057E+03
 0.61600E+03 0.90000E+01 0.67508E+02 0.37693E+03
 0.61700E+03 0.90000E+01 0.75187E+02 0.38423E+03
 0.61800E+03 0.90000E+01 0.83098E+02 0.39221E+03
 0.61900E+03 0.90000E+01 0.91354E+02 0.40089E+03
 0.62000E+03 0.90000E+01 0.10006E+03 0.41059E+03
 0.62100E+03 0.90000E+01 0.10895E+03 0.42119E+03
 0.62200E+03 0.90000E+01 0.11818E+03 0.43256E+03
 0.62300E+03 0.90000E+01 0.12796E+03 0.44484E+03
 0.62400E+03 0.90000E+01 0.13812E+03 0.45838E+03
 0.62500E+03 0.90000E+01 0.14875E+03 0.47283E+03
 0.62600E+03 0.90000E+01 0.15986E+03 0.48822E+03
 0.62700E+03 0.90000E+01 0.17158E+03 0.50493E+03
 0.62800E+03 0.90000E+01 0.18392E+03 0.52287E+03
 0.62900E+03 0.90000E+01 0.19684E+03 0.54189E+03
 0.63000E+03 0.90000E+01 0.21032E+03 0.56214E+03
 0.63100E+03 0.90000E+01 0.22470E+03 0.58423E+03
 0.63200E+03 0.90000E+01 0.23992E+03 0.60759E+03
 0.63300E+03 0.90000E+01 0.25593E+03 0.63225E+03
 0.63400E+03 0.90000E+01 0.27240E+03 0.65885E+03
 0.63500E+03 0.90000E+01 0.29038E+03 0.68735E+03
 0.63600E+03 0.90000E+01 0.30933E+03 0.71742E+03
 0.63700E+03 0.90000E+01 0.32919E+03 0.74923E+03
 0.63800E+03 0.90000E+01 0.34960E+03 0.78373E+03
 0.63900E+03 0.90000E+01 0.37210E+03 0.82021E+03
 0.64000E+03 0.90000E+01 0.39577E+03 0.85865E+03
 0.64100E+03 0.90000E+01 0.42010E+03 0.89993E+03
 0.64200E+03 0.90000E+01 0.44585E+03 0.94396E+03
 0.64300E+03 0.90000E+01 0.47390E+03 0.99048E+03
 0.64400E+03 0.90000E+01 0.50334E+03 0.10396E+04
 0.64500E+03 0.90000E+01 0.53318E+03 0.10927E+04
 0.64600E+03 0.90000E+01 0.56540E+03 0.11486E+04
 0.64700E+03 0.90000E+01 0.60024E+03 0.12077E+04
 0.64800E+03 0.90000E+01 0.63598E+03 0.12708E+04
 0.64900E+03 0.90000E+01 0.67281E+03 0.13380E+04
 0.65000E+03 0.90000E+01 0.71285E+03 0.14088E+04
 0.65100E+03 0.90000E+01 0.75555E+03 0.14835E+04
 0.65200E+03 0.90000E+01 0.79869E+03 0.15639E+04
 0.65300E+03 0.90000E+01 0.84382E+03 0.16483E+04
 0.65400E+03 0.90000E+01 0.89297E+03 0.17371E+04
 0.65500E+03 0.90000E+01 0.94406E+03 0.18318E+04
 0.65600E+03 0.90000E+01 0.99660E+03 0.19320E+04
 0.65700E+03 0.90000E+01 0.10516E+04 0.20370E+04
 0.65800E+03 0.90000E+01 0.11115E+04 0.21475E+04
 0.65900E+03 0.90000E+01 0.11727E+04 0.22657E+04
 0.66000E+03 0.90000E+01 0.12369E+04 0.23891E+04
 0.66100E+03 0.90000E+01 0.13042E+04 0.25180E+04
 0.66200E+03 0.90000E+01 0.13769E+04 0.26548E+04
 0.66300E+03 0.90000E+01 0.14528E+04 0.27988E+04
 0.66400E+03 0.90000E+01 0.15330E+04 0.29486E+04
 0.66500E+03 0.90000E+01 0.16172E+04 0.31047E+04
 0.66600E+03 0.90000E+01 0.17086E+04 0.32710E+04
 0.66700E+03 0.90000E+01 0.18066E+04 0.34443E+04
 0.66800E+03 0.90000E+01 0.19114E+04 0.36245E+04
 0.66900E+03 0.90000E+01 0.20221E+04 0.38157E+04
 0.67000E+03 0.90000E+01 0.21459E+04 0.40172E+04
 0.67100E+03 0.90000E+01 0.22812E+04 0.42277E+04
 0.67200E+03 0.90000E+01 0.24279E+04 0.44487E+04
 0.67300E+03 0.90000E+01 0.25840E+04 0.46892E+04
 0.67400E+03 0.90000E+01 0.27626E+04 0.49430E+04
 0.67500E+03 0.90000E+01 0.29610E+04 0.52128E+04
 0.67600E+03 0.90000E+01 0.31747E+04 0.55103E+04
 0.67700E+03 0.90000E+01 0.34024E+04 0.58369E+04
 0.67800E+03 0.90000E+01 0.36560E+04 0.61948E+04
 0.67900E+03 0.90000E+01 0.39344E+04 0.65948E+04
 0.68000E+03 0.90000E+01 0.42066E+04 0.70500E+04
 0.68100E+03 0.90000E+01 0.44772E+04 0.75504E+04
 0.68200E+03 0.90000E+01 0.47387E+04 0.80962E+04
 0.68300E+03 0.90000E+01 0.49814E+04 0.86887E+04
 0.68400E+03 0.90000E+01 0.51992E+04 0.92922E+04
 0.68500E+03 0.90000E+01 0.54358E+04 0.98949E+04
 0.68600E+03 0.90000E+01 0.57237E+04 0.10517E+05
 0.68700E+03 0.90000E+01 0.61093E+04 0.11196E+05
 0.68800E+03 0.90000E+01 0.66925E+04 0.12014E+05
 0.68900E+03 0.90000E+01 0.77845E+04 0.13256E+05
 0.69000E+03 0.90000E+01 0.84765E+04 0.16249E+05
 0.69100E+03 0.90000E+01 0.43150E+04 0.19616E+05
 0.69200E+03 0.90000E+01 0.69680E+03 0.18318E+05
 0.69300E+03 0.90000E+01 0.11531E+02 0.16905E+05
 0.69400E+03 0.90000E+01 0.56956E+01 0.16489E+05
 0.69500E+03 0.90000E+01 -.63017E+03 0.16950E+05
 0.69600E+03 0.90000E+01 -.24308E+04 0.14672E+05
 0.69700E+03 0.90000E+01 -.79219E+03 0.13351E+05
 0.69800E+03 0.90000E+01 0.45580E+02 0.13906E+05
 0.69900E+03 0.90000E+01 0.54164E+02 0.14251E+05
 0.70000E+03 0.90000E+01 0.23238E+02 0.14369E+05
 0.70100E+03 0.90000E+01 0.15937E+02 0.14426E+05
 0.70200E+03 0.90000E+01 0.13077E+02 0.14458E+05
 0.70300E+03 0.90000E+01 0.11449E+02 0.14476E+05
 0.70400E+03 0.90000E+01 0.10365E+02 0.14487E+05
 0.70500E+03 0.90000E+01 0.94660E+01 0.14494E+05
 0.70600E+03 0.90000E+01 0.85641E+01 0.14500E+05
 0.70700E+03 0.90000E+01 0.78352E+01 0.14503E+05
 0.70800E+03 0.90000E+01 0.71226E+01 0.14506E+05
 0.70900E+03 0.90000E+01 0.64155E+01 0.14508E+05
 0.71000E+03 0.90000E+01 0.57353E+01 0.14509E+05
 0.71100E+03 0.90000E+01 0.50050E+01 0.14511E+05
 0.71200E+03 0.90000E+01 0.44265E+01 0.14511E+05
 0.71300E+03 0.90000E+01 0.39226E+01 0.14512E+05
 0.71400E+03 0.90000E+01 0.32470E+01 0.14512E+05
 0.71500E+03 0.90000E+01 0.26163E+01 0.14512E+05
 0.71600E+03 0.90000E+01 0.20121E+01 0.14511E+05
 0.71700E+03 0.90000E+01 0.13734E+01 0.14510E+05
 0.71800E+03 0.90000E+01 0.75819E+00 0.14509E+05
 0.71900E+03 0.90000E+01 -.14009E-01 0.14505E+05
 0.72000E+03 0.90000E+01 -.10960E+01 0.14500E+05
 0.72100E+03 0.90000E+01 -.29291E+01 0.14489E+05
 0.72200E+03 0.90000E+01 -.67471E+01 0.14469E+05
 0.72300E+03 0.90000E+01 -.17999E+02 0.14422E+05
 0.72400E+03 0.90000E+01 -.91304E+02 0.14310E+05
 0.72500E+03 0.90000E+01 0.58716E+03 0.13886E+05
 0.72600E+03 0.90000E+01 0.18839E+04 0.14742E+05
 0.72700E+03 0.90000E+01 0.12001E+04 0.16186E+05
 0.72800E+03 0.90000E+01 0.10455E+03 0.16178E+05
 0.72900E+03 0.90000E+01 -.89963E+02 0.16356E+05
 0.73000E+03 0.90000E+01 -.24935E+03 0.17235E+05
 0.73100E+03 0.90000E+01 -.17986E+04 0.19289E+05
 0.73200E+03 0.90000E+01 -.73637E+04 0.17771E+05
 0.73300E+03 0.90000E+01 -.77824E+04 0.14912E+05
 0.73400E+03 0.90000E+01 -.67926E+04 0.12550E+05
 0.73500E+03 0.90000E+01 -.59473E+04 0.11450E+05
 0.73600E+03 0.90000E+01 -.54148E+04 0.10729E+05
 0.73700E+03 0.90000E+01 -.49746E+04 0.10131E+05
 0.73800E+03 0.90000E+01 -.45968E+04 0.96135E+04
 0.73900E+03 0.90000E+01 -.42639E+04 0.91583E+04
 0.74000E+03 0.90000E+01 -.39560E+04 0.87611E+04
 0.74100E+03 0.90000E+01 -.36718E+04 0.84300E+04
 0.74200E+03 0.90000E+01 -.34172E+04 0.81762E+04
 0.74300E+03 0.90000E+01 -.32144E+04 0.80021E+04
 0.74400E+03 0.90000E+01 -.30846E+04 0.79023E+04
 0.74500E+03 0.90000E+01 -.30475E+04 0.78701E+04
 0.74600E+03 0.90000E+01 -.31255E+04 0.79029E+04
 0.74700E+03 0.90000E+01 -.33494E+04 0.80015E+04
 0.74800E+03 0.90000E+01 -.37690E+04 0.81920E+04
 0.74900E+03 0.90000E+01 -.44949E+04 0.85101E+04
 0.75000E+03 0.90000E+01 -.55516E+04 0.90696E+04
 0.60000E+03 0.10000E+02 0.00000E+00 0.00000E+00
 0.60100E+03 0.10000E+02 0.00000E+00 0.00000E+00
 0.60200E+03 0.10000E+02 0.00000E+00 0.00000E+00
 0.60300E+03 0.10000E+02 0.00000E+00 0.00000E+00
 0.60400E+03 0.10000E+02 0.00000E+00 0.00000E+00
 0.60500E+03 0.10000E+02 0.00000E+00 0.00000E+00
 0.60600E+03 0.10000E+02 0.00000E+00 0.00000E+00
 0.60700E+03 0.10000E+02 0.57948E+01 0.33794E+03
 0.60800E+03 0.10000E+02 0.13040E+02 0.33867E+03
 0.60900E+03 0.10000E+02 0.20056E+02 0.34017E+03
 0.61000E+03 0.10000E+02 0.27416E+02 0.34231E+03
 0.61100E+03 0.10000E+02 0.34967E+02 0.34501E+03
 0.61200E+03 0.10000E+02 0.42350E+02 0.34846E+03
 0.61300E+03 0.10000E+02 0.49863E+02 0.35257E+03
 0.61400E+03 0.10000E+02 0.57862E+02 0.35730E+03
 0.61500E+03 0.10000E+02 0.65919E+02 0.36274E+03
 0.61600E+03 0.10000E+02 0.73980E+02 0.36897E+03
 0.61700E+03 0.10000E+02 0.82467E+02 0.37588E+03
 0.61800E+03 0.10000E+02 0.91485E+02 0.38346E+03
 0.61900E+03 0.10000E+02 0.10044E+03 0.39205E+03
 0.62000E+03 0.10000E+02 0.10969E+03 0.40135E+03
 0.62100E+03 0.10000E+02 0.11966E+03 0.41141E+03
 0.62200E+03 0.10000E+02 0.12997E+03 0.42243E+03
 0.62300E+03 0.10000E+02 0.14049E+03 0.43444E+03
 0.62400E+03 0.10000E+02 0.15144E+03 0.44728E+03
 0.62500E+03 0.10000E+02 0.16343E+03 0.46101E+03
 0.62600E+03 0.10000E+02 0.17564E+03 0.47616E+03
 0.62700E+03 0.10000E+02 0.18836E+03 0.49226E+03
 0.62800E+03 0.10000E+02 0.20184E+03 0.50932E+03
 0.62900E+03 0.10000E+02 0.21630E+03 0.52780E+03
 0.63000E+03 0.10000E+02 0.23120E+03 0.54768E+03
 0.63100E+03 0.10000E+02 0.24681E+03 0.56872E+03
 0.63200E+03 0.10000E+02 0.26357E+03 0.59103E+03
 0.63300E+03 0.10000E+02 0.28121E+03 0.61533E+03
 0.63400E+03 0.10000E+02 0.29973E+03 0.64104E+03
 0.63500E+03 0.10000E+02 0.31915E+03 0.66819E+03
 0.63600E+03 0.10000E+02 0.33988E+03 0.69736E+03
 0.63700E+03 0.10000E+02 0.36180E+03 0.72851E+03
 0.63800E+03 0.10000E+02 0.38485E+03 0.76136E+03
 0.63900E+03 0.10000E+02 0.40902E+03 0.79614E+03
 0.64000E+03 0.10000E+02 0.43477E+03 0.83391E+03
 0.64100E+03 0.10000E+02 0.46217E+03 0.87375E+03
 0.64200E+03 0.10000E+02 0.49102E+03 0.91568E+03
 0.64300E+03 0.10000E+02 0.52066E+03 0.96084E+03
 0.64400E+03 0.10000E+02 0.55306E+03 0.10089E+04
 0.64500E+03 0.10000E+02 0.58720E+03 0.10597E+04
 0.64600E+03 0.10000E+02 0.62281E+03 0.11134E+04
 0.64700E+03 0.10000E+02 0.65939E+03 0.11713E+04
 0.64800E+03 0.10000E+02 0.69960E+03 0.12325E+04
 0.64900E+03 0.10000E+02 0.74184E+03 0.12968E+04
 0.65000E+03 0.10000E+02 0.78503E+03 0.13659E+04
 0.65100E+03 0.10000E+02 0.83030E+03 0.14392E+04
 0.65200E+03 0.10000E+02 0.87962E+03 0.15164E+04
 0.65300E+03 0.10000E+02 0.93085E+03 0.15981E+04
 0.65400E+03 0.10000E+02 0.98301E+03 0.16855E+04
 0.65500E+03 0.10000E+02 0.10385E+04 0.17773E+04
 0.65600E+03 0.10000E+02 0.10984E+04 0.18738E+04
 0.65700E+03 0.10000E+02 0.11594E+04 0.19769E+04
 0.65800E+03 0.10000E+02 0.12228E+04 0.20853E+04
 0.65900E+03 0.10000E+02 0.12902E+04 0.21987E+04
 0.66000E+03 0.10000E+02 0.13622E+04 0.23186E+04
 0.66100E+03 0.10000E+02 0.14360E+04 0.24454E+04
 0.66200E+03 0.10000E+02 0.15135E+04 0.25776E+04
 0.66300E+03 0.10000E+02 0.15965E+04 0.27153E+04
 0.66400E+03 0.10000E+02 0.16841E+04 0.28618E+04
 0.66500E+03 0.10000E+02 0.17766E+04 0.30145E+04
 0.66600E+03 0.10000E+02 0.18746E+04 0.31729E+04
 0.66700E+03 0.10000E+02 0.19796E+04 0.33389E+04
 0.66800E+03 0.10000E+02 0.20934E+04 0.35133E+04
 0.66900E+03 0.10000E+02 0.22156E+04 0.36941E+04
 0.67000E+03 0.10000E+02 0.23469E+04 0.38816E+04
 0.67100E+03 0.10000E+02 0.24899E+04 0.40833E+04
 0.67200E+03 0.10000E+02 0.26500E+04 0.42925E+04
 0.67300E+03 0.10000E+02 0.28256E+04 0.45106E+04
 0.67400E+03 0.10000E+02 0.30169E+04 0.47467E+04
 0.67500E+03 0.10000E+02 0.32281E+04 0.50014E+04
 0.67600E+03 0.10000E+02 0.34722E+04 0.52729E+04
 0.67700E+03 0.10000E+02 0.37428E+04 0.55709E+04
 0.67800E+03 0.10000E+02 0.40298E+04 0.59137E+04
 0.67900E+03 0.10000E+02 0.43387E+04 0.62933E+04
 0.68000E+03 0.10000E+02 0.46877E+04 0.67369E+04
 0.68100E+03 0.10000E+02 0.50245E+04 0.72557E+04
 0.68200E+03 0.10000E+02 0.53272E+04 0.78337E+04
 0.68300E+03 0.10000E+02 0.55908E+04 0.84530E+04
 0.68400E+03 0.10000E+02 0.58039E+04 0.90856E+04
 0.68500E+03 0.10000E+02 0.59993E+04 0.96536E+04
 0.68600E+03 0.10000E+02 0.62807E+04 0.10160E+05
 0.68700E+03 0.10000E+02 0.67279E+04 0.10664E+05
 0.68800E+03 0.10000E+02 0.74204E+04 0.11206E+05
 0.68900E+03 0.10000E+02 0.85014E+04 0.12216E+05
 0.69000E+03 0.10000E+02 0.77739E+04 0.16377E+05
 0.69100E+03 0.10000E+02 0.44229E+04 0.19139E+05
 0.69200E+03 0.10000E+02 0.69438E+03 0.18188E+05
 0.69300E+03 0.10000E+02 0.11931E+02 0.16864E+05
 0.69400E+03 0.10000E+02 0.58960E+01 0.16466E+05
 0.69500E+03 0.10000E+02 -.57155E+03 0.16880E+05
 0.69600E+03 0.10000E+02 -.22219E+04 0.14826E+05
 0.69700E+03 0.10000E+02 -.77131E+03 0.13569E+05
 0.69800E+03 0.10000E+02 0.37018E+02 0.14059E+05
 0.69900E+03 0.10000E+02 0.52168E+02 0.14392E+05
 0.70000E+03 0.10000E+02 0.22419E+02 0.14502E+05
 0.70100E+03 0.10000E+02 0.15486E+02 0.14557E+05
 0.70200E+03 0.10000E+02 0.12790E+02 0.14587E+05
 0.70300E+03 0.10000E+02 0.11265E+02 0.14605E+05
 0.70400E+03 0.10000E+02 0.10259E+02 0.14617E+05
 0.70500E+03 0.10000E+02 0.94265E+01 0.14625E+05
 0.70600E+03 0.10000E+02 0.85925E+01 0.14630E+05
 0.70700E+03 0.10000E+02 0.79128E+01 0.14635E+05
 0.70800E+03 0.10000E+02 0.72610E+01 0.14637E+05
 0.70900E+03 0.10000E+02 0.66121E+01 0.14639E+05
 0.71000E+03 0.10000E+02 0.59833E+01 0.14641E+05
 0.71100E+03 0.10000E+02 0.53206E+01 0.14643E+05
 0.71200E+03 0.10000E+02 0.47914E+01 0.14644E+05
 0.71300E+03 0.10000E+02 0.43331E+01 0.14645E+05
 0.71400E+03 0.10000E+02 0.37336E+01 0.14646E+05
 0.71500E+03 0.10000E+02 0.31603E+01 0.14647E+05
 0.71600E+03 0.10000E+02 0.26204E+01 0.14647E+05
 0.71700E+03 0.10000E+02 0.20567E+01 0.14647E+05
 0.71800E+03 0.10000E+02 0.15159E+01 0.14645E+05
 0.71900E+03 0.10000E+02 0.83421E+00 0.14643E+05
 0.72000E+03 0.10000E+02 -.12816E+00 0.14638E+05
 0.72100E+03 0.10000E+02 -.17677E+01 0.14630E+05
 0.72200E+03 0.10000E+02 -.52187E+01 0.14611E+05
 0.72300E+03 0.10000E+02 -.15451E+02 0.14569E+05
 0.72400E+03 0.10000E+02 -.82244E+02 0.14466E+05
 0.72500E+03 0.10000E+02 0.53280E+03 0.14080E+05
 0.72600E+03 0.10000E+02 0.17272E+04 0.14849E+05
 0.72700E+03 0.10000E+02 0.12197E+04 0.16074E+05
 0.72800E+03 0.10000E+02 0.11407E+03 0.16204E+05
 0.72900E+03 0.10000E+02 -.81923E+02 0.16358E+05
 0.73000E+03 0.10000E+02 -.22599E+03 0.17163E+05
 0.73100E+03 0.10000E+02 -.16368E+04 0.19048E+05
 0.73200E+03 0.10000E+02 -.67267E+04 0.17713E+05
 0.73300E+03 0.10000E+02 -.85195E+04 0.13660E+05
 0.73400E+03 0.10000E+02 -.77220E+04 0.11341E+05
 0.73500E+03 0.10000E+02 -.67445E+04 0.10717E+05
 0.73600E+03 0.10000E+02 -.60059E+04 0.10185E+05
 0.73700E+03 0.10000E+02 -.54738E+04 0.96865E+04
 0.73800E+03 0.10000E+02 -.50465E+04 0.92372E+04
 0.73900E+03 0.10000E+02 -.46722E+04 0.88112E+04
 0.74000E+03 0.10000E+02 -.43006E+04 0.84242E+04
 0.74100E+03 0.10000E+02 -.39303E+04 0.81184E+04
 0.74200E+03 0.10000E+02 -.35875E+04 0.79136E+04
 0.74300E+03 0.10000E+02 -.33003E+04 0.78076E+04
 0.74400E+03 0.10000E+02 -.30908E+04 0.77942E+04
 0.74500E+03 0.10000E+02 -.29749E+04 0.78674E+04
 0.74600E+03 0.10000E+02 -.29657E+04 0.80284E+04
 0.74700E+03 0.10000E+02 -.30923E+04 0.82869E+04
 0.74800E+03 0.10000E+02 -.33850E+04 0.86790E+04
 0.74900E+03 0.10000E+02 -.38870E+04 0.92883E+04
 0.75000E+03 0.10000E+02 -.45489E+04 0.10233E+05
